"Nome.Comune","Totale.Maschi","Totale.Femmine","Totale"
"Agliã¨",1258,1365,2623
"Airasca",1926,1889,3815
"Ala Di Stura",244,221,465
"Albiano D'ivrea",887,916,1803
"Alice Superiore",356,347,703
"Almese",3056,3231,6287
"Alpette",135,140,275
"Alpignano",8254,8669,16923
"Andezeno",970,991,1961
"Andrate",272,247,519
"Angrogna",445,427,872
"Arignano",547,510,1057
"Avigliana",5910,6233,12143
"Azeglio",655,689,1344
"Bairo",399,422,821
"Balangero",1527,1637,3164
"Baldissero Canavese",241,293,534
"Baldissero Torinese",1889,1894,3783
"Balme",48,47,95
"Banchette",1547,1737,3284
"Barbania",805,825,1630
"Bardonecchia",1573,1648,3221
"Barone Canavese",308,289,597
"Beinasco",8702,9377,18079
"Bibiana",1658,1723,3381
"Bobbio Pellice",278,286,564
"Bollengo",1056,1047,2103
"Borgaro Torinese",6649,6922,13571
"Borgiallo",266,279,545
"Borgofranco D'ivrea",1754,1903,3657
"Borgomasino",387,441,828
"Borgone Susa",1152,1145,2297
"Bosconero",1496,1555,3051
"Brandizzo",4112,4282,8394
"Bricherasio",2241,2286,4527
"Brosso",212,244,456
"Brozolo",241,230,471
"Bruino",4230,4267,8497
"Brusasco",830,888,1718
"Bruzolo",744,787,1531
"Buriasco",703,700,1403
"Burolo",575,653,1228
"Busano",797,799,1596
"Bussoleno",3021,3339,6360
"Buttigliera Alta",3147,3229,6376
"Cafasse",1724,1781,3505
"Caluso",3546,3905,7451
"Cambiano",3022,3186,6208
"Campiglione-Fenile",681,696,1377
"Candia Canavese",619,663,1282
"Candiolo",2742,2859,5601
"Canischio",149,144,293
"Cantalupa",1234,1298,2532
"Cantoira",282,269,551
"Caprie",1049,1058,2107
"Caravino",488,503,991
"Carema",365,411,776
"Carignano",4435,4700,9135
"Carmagnola",14071,14579,28650
"Casalborgone",893,919,1812
"Cascinette D'ivrea",720,778,1498
"Caselette",1493,1462,2955
"Caselle Torinese",9086,9280,18366
"Castagneto Po",883,894,1777
"Castagnole Piemonte",1074,1143,2217
"Castellamonte",4744,5176,9920
"Castelnuovo Nigra",224,196,420
"Castiglione Torinese",3102,3215,6317
"Cavagnolo",1128,1178,2306
"Cavour",2748,2801,5549
"Cercenasco",931,928,1859
"Ceres",523,527,1050
"Ceresole Reale",92,68,160
"Cesana Torinese",526,477,1003
"Chialamberto",182,184,366
"Chianocco",834,860,1694
"Chiaverano",1016,1089,2105
"Chieri",17161,18737,35898
"Chiesanuova",102,101,203
"Chiomonte",475,458,933
"Chiusa Di San Michele",847,846,1693
"Chivasso",12509,13372,25881
"Ciconio",188,185,373
"Cintano",117,140,257
"Cinzano",192,176,368
"Ciriã¨",8784,9579,18363
"Claviere",98,93,191
"Coassolo Torinese",783,763,1546
"Coazze",1538,1527,3065
"Collegno",23405,25568,48973
"Colleretto Castelnuovo",167,182,349
"Colleretto Giacosa",300,300,600
"Condove",2287,2380,4667
"Corio",1605,1704,3309
"Cossano Canavese",269,254,523
"Cuceglio",489,514,1003
"Cumiana",3869,3924,7793
"Cuorgnã¨",4928,5172,10100
"Druento",4076,4356,8432
"Exilles",131,136,267
"Favria",2597,2646,5243
"Feletto",1109,1149,2258
"Fenestrelle",280,270,550
"Fiano",1310,1376,2686
"Fiorano Canavese",418,418,836
"Foglizzo",1134,1210,2344
"Forno Canavese",1774,1826,3600
"Frassinetto",142,128,270
"Front",854,877,1731
"Frossasco",1393,1449,2842
"Garzigliana",288,271,559
"Gassino Torinese",4618,4919,9537
"Germagnano",606,642,1248
"Giaglione",311,346,657
"Giaveno",7764,8504,16268
"Givoletto",1854,1790,3644
"Gravere",366,346,712
"Groscavallo",104,87,191
"Grosso",487,542,1029
"Grugliasco",17894,19316,37210
"Ingria",21,27,48
"Inverso Pinasca",364,373,737
"Isolabella",202,190,392
"Issiglio",213,221,434
"Ivrea",11038,12602,23640
"La Cassa",910,868,1778
"La Loggia",4328,4312,8640
"Lanzo Torinese",2477,2681,5158
"Lauriano",732,752,1484
"Leinã¬",7648,7902,15550
"Lemie",95,94,189
"Lessolo",954,1026,1980
"Levone",225,218,443
"Locana",758,834,1592
"Lombardore",874,820,1694
"Lombriasco",544,515,1059
"Loranzã¨",557,577,1134
"Lugnacco",186,195,381
"Luserna San Giovanni",3560,4000,7560
"Lusernetta",258,257,515
"Lusigliã¨",282,276,558
"Macello",618,618,1236
"Maglione",220,247,467
"Marentino",707,673,1380
"Massello",30,28,58
"Mathi",1921,2038,3959
"Mattie",361,346,707
"Mazzã¨",2013,2134,4147
"Meana Di Susa",442,439,881
"Mercenasco",638,622,1260
"Meugliano",52,38,90
"Mezzenile",421,413,834
"Mombello Di Torino",208,201,409
"Mompantero",312,341,653
"Monastero Di Lanzo",192,182,374
"Moncalieri",26639,29018,55657
"Moncenisio",20,22,42
"Montaldo Torinese",365,385,750
"Montalenghe",513,518,1031
"Montalto Dora",1682,1780,3462
"Montanaro",2641,2759,5400
"Monteu Da Po",457,442,899
"Moriondo Torinese",409,409,818
"Nichelino",23218,24566,47784
"Noasca",85,82,167
"Nole",3378,3518,6896
"Nomaglio",154,154,308
"None",3970,4010,7980
"Novalesa",265,287,552
"Oglianico",698,727,1425
"Orbassano",10894,11560,22454
"Orio Canavese",418,409,827
"Osasco",533,603,1136
"Osasio",473,437,910
"Oulx",1617,1535,3152
"Ozegna",608,630,1238
"Palazzo Canavese",406,431,837
"Pancalieri",957,1025,1982
"Parella",210,249,459
"Pavarolo",547,571,1118
"Pavone Canavese",1902,1984,3886
"Pecco",101,107,208
"Pecetto Torinese",1879,1999,3878
"Perosa Argentina",1585,1811,3396
"Perosa Canavese",277,286,563
"Perrero",382,338,720
"Pertusio",387,391,778
"Pessinetto",300,302,602
"Pianezza",6912,7220,14132
"Pinasca",1455,1576,3031
"Pinerolo",16422,18410,34832
"Pino Torinese",4013,4434,8447
"Piobesi Torinese",1814,1899,3713
"Piossasco",8951,9223,18174
"Piscina",1680,1787,3467
"Piverone",661,718,1379
"Poirino",5112,5117,10229
"Pomaretto",508,563,1071
"Pont-Canavese",1751,1896,3647
"Porte",560,554,1114
"Pragelato",361,365,726
"Prali",149,123,272
"Pralormo",957,983,1940
"Pramollo",135,106,241
"Prarostino",627,651,1278
"Prascorsano",399,384,783
"Pratiglione",266,280,546
"Quagliuzzo",165,165,330
"Quassolo",160,198,358
"Quincinetto",522,522,1044
"Reano",829,866,1695
"Ribordone",31,36,67
"Rivalba",565,588,1153
"Rivalta Di Torino",9570,9733,19303
"Riva Presso Chieri",2086,2141,4227
"Rivara",1304,1363,2667
"Rivarolo Canavese",5894,6418,12312
"Rivarossa",825,799,1624
"Rivoli",23229,25240,48469
"Robassomero",1440,1538,2978
"Rocca Canavese",869,879,1748
"Roletto",995,997,1992
"Romano Canavese",1421,1510,2931
"Ronco Canavese",159,160,319
"Rondissone",937,898,1835
"Rorã ",133,120,253
"Roure",431,460,891
"Rosta",2287,2355,4642
"Rubiana",1208,1200,2408
"Rueglio",375,397,772
"Salassa",888,900,1788
"Salbertrand",302,275,577
"Salerano Canavese",263,257,520
"Salza Di Pinerolo",44,33,77
"Samone",798,821,1619
"San Benigno Canavese",2758,2850,5608
"San Carlo Canavese",1869,1997,3866
"San Colombano Belmonte",187,190,377
"San Didero",289,275,564
"San Francesco Al Campo",2368,2466,4834
"Sangano",1824,1979,3803
"San Germano Chisone",923,956,1879
"San Gillio",1462,1558,3020
"San Giorgio Canavese",1319,1377,2696
"San Giorio Di Susa",510,533,1043
"San Giusto Canavese",1635,1767,3402
"San Martino Canavese",429,421,850
"San Maurizio Canavese",4721,4902,9623
"San Mauro Torinese",9085,9814,18899
"San Pietro Val Lemina",707,721,1428
"San Ponso",142,137,279
"San Raffaele Cimena",1527,1558,3085
"San Sebastiano Da Po",940,971,1911
"San Secondo Di Pinerolo",1780,1829,3609
"Sant'ambrogio Di Torino",2326,2389,4715
"Sant'antonino Di Susa",2056,2261,4317
"Santena",5259,5491,10750
"Sauze Di Cesana",119,99,218
"Sauze D'oulx",578,526,1104
"Scalenghe",1642,1645,3287
"Scarmagno",393,421,814
"Sciolze",744,768,1512
"Sestriere",445,398,843
"Settimo Rottaro",242,257,499
"Settimo Torinese",22597,24235,46832
"Settimo Vittone",752,779,1531
"Sparone",523,558,1081
"Strambinello",118,147,265
"Strambino",3014,3300,6314
"Susa",3154,3472,6626
"Tavagnasco",398,414,812
"Torino",410911,458401,869312
"Torrazza Piemonte",1414,1419,2833
"Torre Canavese",285,307,592
"Torre Pellice",2080,2434,4514
"Trana",1911,1966,3877
"Trausella",60,72,132
"Traversella",170,181,351
"Traves",274,273,547
"Trofarello",5248,5647,10895
"Usseaux",95,90,185
"Usseglio",112,107,219
"Vaie",722,730,1452
"Val Della Torre",1941,1870,3811
"Valgioie",512,445,957
"Vallo Torinese",396,385,781
"Valperga",1494,1666,3160
"Valprato Soana",51,59,110
"Varisella",413,429,842
"Vauda Canavese",727,746,1473
"Venaus",470,486,956
"Venaria Reale",16381,17317,33698
"Verolengo",2423,2521,4944
"Verrua Savoia",716,737,1453
"Vestignã¨",401,426,827
"Vialfrã¨",124,129,253
"Vico Canavese",409,449,858
"Vidracco",252,249,501
"Vigone",2547,2673,5220
"Villafranca Piemonte",2347,2475,4822
"Villanova Canavese",557,582,1139
"Villarbasse",1616,1711,3327
"Villar Dora",1410,1506,2916
"Villareggia",505,520,1025
"Villar Focchiardo",1020,1036,2056
"Villar Pellice",547,567,1114
"Villar Perosa",2024,2121,4145
"Villastellone",2362,2487,4849
"Vinovo",6959,7183,14142
"Virle Piemonte",588,598,1186
"Vische",629,675,1304
"Vistrorio",233,288,521
"Viã¹",560,555,1115
"Volpiano",7341,7702,15043
"Volvera",4310,4375,8685
"Alagna Valsesia",218,201,419
"Albano Vercellese",173,159,332
"Alice Castello",1348,1370,2718
"Arborio",479,438,917
"Asigliano Vercellese",670,739,1409
"Balmuccia",42,58,100
"Balocco",124,110,234
"Bianzã¨",976,1044,2020
"Boccioleto",103,118,221
"Borgo D'ale",1285,1306,2591
"Borgosesia",6081,6882,12963
"Borgo Vercelli",1101,1187,2288
"Breia",84,90,174
"Buronzo",431,484,915
"Campertogno",130,115,245
"Carcoforo",37,37,74
"Caresana",502,529,1031
"Caresanablot",563,578,1141
"Carisio",435,426,861
"Casanova Elvo",137,128,265
"San Giacomo Vercellese",163,166,329
"Cellio",423,427,850
"Cervatto",28,19,47
"Cigliano",2161,2359,4520
"Civiasco",128,139,267
"Collobiano",48,59,107
"Costanzana",384,428,812
"Cravagliana",140,137,277
"Crescentino",3871,4114,7985
"Crova",193,218,411
"Desana",505,555,1060
"Fobello",118,97,215
"Fontanetto Po",594,618,1212
"Formigliana",281,268,549
"Gattinara",3949,4300,8249
"Ghislarengo",434,468,902
"Greggio",189,188,377
"Guardabosone",166,171,337
"Lamporo",268,273,541
"Lenta",430,452,882
"Lignana",276,303,579
"Livorno Ferraris",2179,2262,4441
"Lozzolo",397,424,821
"Mollia",56,50,106
"Moncrivello",721,746,1467
"Motta De' Conti",394,407,801
"Olcenengo",375,387,762
"Oldenico",130,124,254
"Palazzolo Vercellese",635,645,1280
"Pertengo",158,164,322
"Pezzana",642,699,1341
"Pila",78,61,139
"Piode",93,100,193
"Postua",301,297,598
"Prarolo",330,351,681
"Quarona",2017,2215,4232
"Quinto Vercellese",191,205,396
"Rassa",32,35,67
"Rima San Giuseppe",36,32,68
"Rimasco",69,53,122
"Rimella",81,55,136
"Riva Valdobbia",131,124,255
"Rive",223,247,470
"Roasio",1196,1263,2459
"Ronsecco",273,307,580
"Rossa",104,88,192
"Rovasenda",476,498,974
"Sabbia",30,27,57
"Salasco",121,116,237
"Sali Vercellese",57,56,113
"Saluggia",2035,2146,4181
"San Germano Vercellese",859,897,1756
"Santhiã ",4225,4585,8810
"Scopa",192,198,390
"Scopello",198,202,400
"Serravalle Sesia",2511,2653,5164
"Stroppiana",613,644,1257
"Tricerro",354,355,709
"Trino",3597,3807,7404
"Tronzano Vercellese",1710,1846,3556
"Valduggia",1048,1062,2110
"Varallo",3551,3909,7460
"Vercelli",21765,24402,46167
"Villarboit",237,225,462
"Villata",812,787,1599
"Vocca",79,82,161
"Agrate Conturbia",780,772,1552
"Ameno",417,442,859
"Armeno",1041,1156,2197
"Arona",6542,7633,14175
"Barengo",411,428,839
"Bellinzago Novarese",4691,4698,9389
"Biandrate",602,602,1204
"Boca",619,610,1229
"Bogogno",659,674,1333
"Bolzano Novarese",595,580,1175
"Borgolavezzaro",1012,1074,2086
"Borgomanero",10021,11140,21161
"Borgo Ticino",2496,2473,4969
"Briga Novarese",1473,1567,3040
"Briona",575,657,1232
"Caltignaga",1280,1297,2577
"Cameri",5273,5518,10791
"Carpignano Sesia",1206,1348,2554
"Casalbeltrame",533,547,1080
"Casaleggio Novara",456,480,936
"Casalino",776,796,1572
"Casalvolone",418,453,871
"Castellazzo Novarese",159,164,323
"Castelletto Sopra Ticino",4810,5182,9992
"Cavaglietto",209,193,402
"Cavaglio D'agogna",643,643,1286
"Cavallirio",628,630,1258
"Cerano",3283,3480,6763
"Colazza",224,240,464
"Comignago",602,614,1216
"Cressa",756,815,1571
"Cureggio",1259,1343,2602
"Divignano",720,735,1455
"Dormelletto",1246,1394,2640
"Fara Novarese",1029,1079,2108
"Fontaneto D'agogna",1342,1397,2739
"Galliate",7226,7755,14981
"Garbagna Novarese",675,694,1369
"Gargallo",928,939,1867
"Gattico",1612,1743,3355
"Ghemme",1725,1878,3603
"Gozzano",2777,2825,5602
"Granozzo Con Monticello",694,733,1427
"Grignasco",2268,2398,4666
"Invorio",2197,2264,4461
"Landiona",279,304,583
"Lesa",1039,1188,2227
"Maggiora",855,880,1735
"Mandello Vitta",112,134,246
"Marano Ticino",784,770,1554
"Massino Visconti",545,562,1107
"Meina",1213,1343,2556
"Mezzomerico",593,583,1176
"Miasino",404,477,881
"Momo",1283,1387,2670
"Nebbiuno",908,947,1855
"Nibbiola",381,405,786
"Novara",48346,53393,101739
"Oleggio",6653,6994,13647
"Oleggio Castello",974,992,1966
"Orta San Giulio",480,683,1163
"Paruzzaro",1029,1051,2080
"Pella",480,547,1027
"Pettenasco",686,676,1362
"Pisano",365,408,773
"Pogno",770,766,1536
"Pombia",1080,1106,2186
"Prato Sesia",986,1007,1993
"Recetto",469,453,922
"Romagnano Sesia",1921,2124,4045
"Romentino",2651,2748,5399
"San Maurizio D'opaglio",1529,1579,3108
"San Nazzaro Sesia",355,333,688
"San Pietro Mosezzo",973,1017,1990
"Sillavengo",307,289,596
"Sizzano",713,736,1449
"Soriso",382,398,780
"Sozzago",504,545,1049
"Suno",1340,1454,2794
"Terdobbiate",244,257,501
"Tornaco",416,466,882
"Trecate",9723,10128,19851
"Vaprio D'agogna",497,521,1018
"Varallo Pombia",2445,2557,5002
"Veruno",901,945,1846
"Vespolate",1021,1053,2074
"Vicolungo",430,457,887
"Vinzaglio",319,267,586
"Acceglio",85,88,173
"Aisone",125,127,252
"Alba",14493,16287,30780
"Albaretto Della Torre",133,128,261
"Alto",63,59,122
"Argentera",42,39,81
"Arguello",103,99,202
"Bagnasco",505,533,1038
"Bagnolo Piemonte",2967,3055,6022
"Baldissero D'alba",556,528,1084
"Barbaresco",345,330,675
"Barge",3927,3945,7872
"Barolo",328,378,706
"Bastia Mondovã¬",317,329,646
"Battifollo",119,120,239
"Beinette",1569,1648,3217
"Bellino",73,62,135
"Belvedere Langhe",179,179,358
"Bene Vagienna",1840,1824,3664
"Benevello",239,225,464
"Bergolo",30,35,65
"Bernezzo",1825,1979,3804
"Bonvicino",58,47,105
"Borgomale",198,191,389
"Borgo San Dalmazzo",5969,6355,12324
"Bosia",85,92,177
"Bossolasco",330,350,680
"Boves",4824,4901,9725
"Bra",13969,15052,29021
"Briaglia",169,157,326
"Briga Alta",28,19,47
"Brondello",155,131,286
"Brossasco",583,532,1115
"Busca",4977,5090,10067
"Camerana",324,328,652
"Camo",105,97,202
"Canale",2791,2834,5625
"Canosio",47,34,81
"Caprauna",62,56,118
"Caraglio",3360,3392,6752
"Caramagna Piemonte",1528,1509,3037
"Cardã¨",552,588,1140
"Carrã¹",2150,2282,4432
"Cartignano",95,84,179
"Casalgrasso",722,726,1448
"Castagnito",1051,1067,2118
"Casteldelfino",89,88,177
"Castellar",147,136,283
"Castelletto Stura",696,653,1349
"Castelletto Uzzone",197,169,366
"Castellinaldo",455,435,890
"Castellino Tanaro",170,167,337
"Castelmagno",52,29,81
"Castelnuovo Di Ceva",63,76,139
"Castiglione Falletto",358,340,698
"Castiglione Tinella",427,447,874
"Castino",256,240,496
"Cavallerleone",345,312,657
"Cavallermaggiore",2723,2743,5466
"Celle Di Macra",55,38,93
"Centallo",3443,3365,6808
"Ceresole Alba",1076,1024,2100
"Cerretto Langhe",242,211,453
"Cervasca",2450,2377,4827
"Cervere",1068,1085,2153
"Ceva",2804,2933,5737
"Cherasco",4244,4426,8670
"Chiusa Di Pesio",1827,1894,3721
"Cigliã¨",97,99,196
"Cissone",45,38,83
"Clavesana",451,450,901
"Corneliano D'alba",982,1046,2028
"Cortemilia",1163,1223,2386
"Cossano Belbo",512,509,1021
"Costigliole Saluzzo",1681,1664,3345
"Cravanzana",199,216,415
"Crissolo",96,72,168
"Cuneo",26174,28806,54980
"Demonte",1026,1037,2063
"Diano D'alba",1744,1711,3455
"Dogliani",2386,2416,4802
"Dronero",3478,3723,7201
"Elva",51,43,94
"Entracque",415,391,806
"Envie",1032,1021,2053
"Farigliano",885,877,1762
"Faule",244,249,493
"Feisoglio",171,169,340
"Fossano",12276,12425,24701
"Frabosa Soprana",407,403,810
"Frabosa Sottana",788,714,1502
"Frassino",148,144,292
"Gaiola",313,285,598
"Gambasca",211,196,407
"Garessio",1612,1744,3356
"Genola",1287,1317,2604
"Gorzegno",159,157,316
"Gottasecca",87,82,169
"Govone",1033,1114,2147
"Grinzane Cavour",953,991,1944
"Guarene",1688,1751,3439
"Igliano",43,41,84
"Isasca",46,32,78
"Lagnasco",727,692,1419
"La Morra",1371,1335,2706
"Lequio Berria",260,231,491
"Lequio Tanaro",403,400,803
"Lesegno",407,444,851
"Levice",125,119,244
"Limone Piemonte",738,741,1479
"Lisio",105,109,214
"Macra",26,24,50
"Magliano Alfieri",994,1037,2031
"Magliano Alpi",1127,1102,2229
"Mango",660,676,1336
"Manta",1786,1924,3710
"Marene",1513,1535,3048
"Margarita",717,714,1431
"Marmora",38,36,74
"Marsaglia",129,134,263
"Martiniana Po",401,378,779
"Melle",155,169,324
"Moiola",133,119,252
"Mombarcaro",131,143,274
"Mombasiglio",286,330,616
"Monastero Di Vasco",626,692,1318
"Monasterolo Casotto",50,51,101
"Monasterolo Di Savigliano",658,703,1361
"Monchiero",284,269,553
"Mondovã¬",10711,11466,22177
"Monesiglio",339,372,711
"Monforte D'alba",1006,1033,2039
"Montã ",2279,2415,4694
"Montaldo Di Mondovã¬",273,301,574
"Montaldo Roero",441,433,874
"Montanera",373,358,731
"Montelupo Albese",255,273,528
"Montemale Di Cuneo",111,106,217
"Monterosso Grana",273,263,536
"Monteu Roero",822,840,1662
"Montezemolo",150,122,272
"Monticello D'alba",1082,1134,2216
"Moretta",2041,2188,4229
"Morozzo",1081,1027,2108
"Murazzano",410,430,840
"Murello",490,479,969
"Narzole",1762,1782,3544
"Neive",1606,1730,3336
"Neviglie",207,219,426
"Niella Belbo",199,200,399
"Niella Tanaro",510,527,1037
"Novello",518,512,1030
"Nucetto",222,211,433
"Oncino",50,33,83
"Ormea",861,856,1717
"Ostana",48,34,82
"Paesana",1388,1482,2870
"Pagno",287,284,571
"Pamparato",173,157,330
"Paroldo",113,113,226
"Perletto",159,146,305
"Perlo",67,59,126
"Peveragno",2721,2773,5494
"Pezzolo Valle Uzzone",170,182,352
"Pianfei",1113,1123,2236
"Piasco",1381,1439,2820
"Pietraporzio",50,41,91
"Piobesi D'alba",632,623,1255
"Piozzo",481,521,1002
"Pocapaglia",1644,1677,3321
"Polonghera",584,609,1193
"Pontechianale",90,90,180
"Pradleves",140,131,271
"Prazzo",84,93,177
"Priero",239,250,489
"Priocca",968,1038,2006
"Priola",359,357,716
"Prunetto",231,237,468
"Racconigi",4937,5094,10031
"Revello",2096,2101,4197
"Rifreddo",545,527,1072
"Rittana",61,70,131
"Roaschia",74,60,134
"Roascio",44,37,81
"Robilante",1203,1211,2414
"Roburent",260,253,513
"Roccabruna",774,814,1588
"Rocca Cigliã¨",69,83,152
"Rocca De' Baldi",864,837,1701
"Roccaforte Mondovã¬",1115,1038,2153
"Roccasparvera",376,370,746
"Roccavione",1431,1453,2884
"Rocchetta Belbo",94,87,181
"Roddi",766,777,1543
"Roddino",199,180,379
"Rodello",501,505,1006
"Rossana",458,445,903
"Ruffia",193,159,352
"Sale Delle Langhe",277,245,522
"Sale San Giovanni",87,89,176
"Saliceto",668,712,1380
"Salmour",377,342,719
"Saluzzo",8208,8726,16934
"Sambuco",51,49,100
"Sampeyre",526,539,1065
"San Benedetto Belbo",97,95,192
"San Damiano Macra",226,208,434
"Sanfrã¨",1413,1481,2894
"Sanfront",1245,1276,2521
"San Michele Mondovã¬",986,1050,2036
"Sant'albano Stura",1216,1167,2383
"Santa Vittoria D'alba",1363,1381,2744
"Santo Stefano Belbo",1979,2085,4064
"Santo Stefano Roero",670,730,1400
"Savigliano",10187,10739,20926
"Scagnello",103,99,202
"Scarnafigi",1071,1030,2101
"Serralunga D'alba",275,248,523
"Serravalle Langhe",176,148,324
"Sinio",263,248,511
"Somano",176,180,356
"Sommariva Del Bosco",3135,3259,6394
"Sommariva Perno",1366,1451,2817
"Stroppo",53,52,105
"Tarantasca",1046,958,2004
"Torre Bormida",108,104,212
"Torre Mondovã¬",234,252,486
"Torre San Giorgio",343,366,709
"Torresina",32,37,69
"Treiso",418,402,820
"Trezzo Tinella",171,171,342
"Trinitã ",1076,1116,2192
"Valdieri",480,448,928
"Valgrana",406,397,803
"Valloriate",64,55,119
"Valmala",42,22,64
"Venasca",722,741,1463
"Verduno",283,287,570
"Vernante",585,635,1220
"Verzuolo",3115,3294,6409
"Vezza D'alba",1131,1079,2210
"Vicoforte",1563,1605,3168
"Vignolo",1248,1248,2496
"Villafalletto",1452,1451,2903
"Villanova Mondovã¬",2818,2960,5778
"Villanova Solaro",400,372,772
"Villar San Costanzo",757,748,1505
"Vinadio",349,333,682
"Viola",212,209,421
"Vottignasco",280,264,544
"Agliano Terme",821,857,1678
"Albugnano",276,264,540
"Antignano",498,522,1020
"Aramengo",310,312,622
"Asti",34949,38914,73863
"Azzano D'asti",194,223,417
"Baldichieri D'asti",548,557,1105
"Belveglio",165,167,332
"Berzano Di San Pietro",215,212,427
"Bruno",163,188,351
"Bubbio",442,470,912
"Buttigliera D'asti",1305,1258,2563
"Calamandrana",874,902,1776
"Calliano",686,705,1391
"Calosso",667,655,1322
"Camerano Casasco",237,240,477
"Canelli",5075,5485,10560
"Cantarana",512,507,1019
"Capriglio",144,155,299
"Casorzo",305,349,654
"Cassinasco",293,298,591
"Castagnole Delle Lanze",1844,1942,3786
"Castagnole Monferrato",619,647,1266
"Castel Boglione",324,293,617
"Castell'alfero",1310,1435,2745
"Castellero",149,151,300
"Castelletto Molina",85,102,187
"Castello Di Annone",951,986,1937
"Castelnuovo Belbo",458,446,904
"Castelnuovo Calcea",366,388,754
"Castelnuovo Don Bosco",1567,1681,3248
"Castel Rocchero",196,198,394
"Cellarengo",340,379,719
"Celle Enomondo",231,251,482
"Cerreto D'asti",105,115,220
"Cerro Tanaro",336,333,669
"Cessole",202,214,416
"Chiusano D'asti",106,120,226
"Cinaglio",216,239,455
"Cisterna D'asti",646,645,1291
"Coazzolo",161,156,317
"Cocconato",768,807,1575
"Corsione",106,107,213
"Cortandone",164,160,324
"Cortanze",141,145,286
"Cortazzone",322,334,656
"Cortiglione",282,287,569
"Cossombrato",257,273,530
"Costigliole D'asti",2944,3029,5973
"Cunico",255,273,528
"Dusino San Michele",519,525,1044
"Ferrere",792,806,1598
"Fontanile",283,288,571
"Frinco",371,358,729
"Grana",293,335,628
"Grazzano Badoglio",301,318,619
"Incisa Scapaccino",1136,1131,2267
"Isola D'asti",1019,1100,2119
"Loazzolo",162,176,338
"Maranzana",148,158,306
"Maretto",205,201,406
"Moasca",243,233,476
"Mombaldone",118,104,222
"Mombaruzzo",578,572,1150
"Mombercelli",1136,1198,2334
"Monale",521,497,1018
"Monastero Bormida",454,549,1003
"Moncalvo",1485,1694,3179
"Moncucco Torinese",440,435,875
"Mongardino",474,474,948
"Montabone",181,166,347
"Montafia",466,448,914
"Montaldo Scarampi",378,406,784
"Montechiaro D'asti",653,710,1363
"Montegrosso D'asti",1098,1161,2259
"Montemagno",529,626,1155
"Moransengo",107,102,209
"Nizza Monferrato",4976,5381,10357
"Olmo Gentile",48,42,90
"Passerano Marmorito",220,227,447
"Penango",256,253,509
"Piea",308,308,616
"Pino D'asti",109,112,221
"Piovã  Massaia",330,350,680
"Portacomaro",962,1012,1974
"Quaranti",95,91,186
"Refrancore",794,861,1655
"Revigliasco D'asti",410,419,829
"Roatto",189,187,376
"Robella",252,253,505
"Rocca D'arazzo",469,475,944
"Roccaverano",228,217,445
"Rocchetta Palafea",175,174,349
"Rocchetta Tanaro",696,736,1432
"San Damiano D'asti",4161,4224,8385
"San Giorgio Scarampi",65,63,128
"San Martino Alfieri",362,351,713
"San Marzano Oliveto",535,531,1066
"San Paolo Solbrito",607,576,1183
"Scurzolengo",286,298,584
"Serole",73,68,141
"Sessame",143,143,286
"Settime",279,296,575
"Soglio",74,88,162
"Tigliole",849,889,1738
"Tonco",446,457,903
"Tonengo",103,93,196
"Vaglio Serra",147,133,280
"Valfenera",1268,1247,2515
"Vesime",334,327,661
"Viale",132,130,262
"Viarigi",467,489,956
"Vigliano D'asti",458,429,887
"Villafranca D'asti",1587,1685,3272
"Villanova D'asti",2809,2962,5771
"Villa San Secondo",194,216,410
"Vinchio",341,319,660
"Montiglio Monferrato",796,895,1691
"Acqui Terme",9306,10652,19958
"Albera Ligure",175,154,329
"Alessandria",42172,47321,89493
"Alfiano Natta",354,391,745
"Alice Bel Colle",408,365,773
"Alluvioni Cambiã²",459,504,963
"Altavilla Monferrato",259,234,493
"Alzano Scrivia",197,188,385
"Arquata Scrivia",2924,3158,6082
"Avolasca",149,160,309
"Balzola",686,727,1413
"Basaluzzo",1030,1045,2075
"Bassignana",830,906,1736
"Belforte Monferrato",257,247,504
"Bergamasco",372,394,766
"Berzano Di Tortona",87,85,172
"Bistagno",931,1001,1932
"Borghetto Di Borbera",991,1000,1991
"Borgoratto Alessandrino",287,328,615
"Borgo San Martino",722,756,1478
"Bosco Marengo",1269,1264,2533
"Bosio",646,594,1240
"Bozzole",156,167,323
"Brignano-Frascata",223,227,450
"Cabella Ligure",299,255,554
"Camagna Monferrato",260,252,512
"Camino",384,413,797
"Cantalupo Ligure",264,282,546
"Capriata D'orba",928,994,1922
"Carbonara Scrivia",510,540,1050
"Carentino",164,150,314
"Carezzano",212,235,447
"Carpeneto",515,493,1008
"Carrega Ligure",49,35,84
"Carrosio",251,233,484
"Cartosio",395,420,815
"Casal Cermelli",586,654,1240
"Casaleggio Boiro",201,195,396
"Casale Monferrato",16219,18516,34735
"Casalnoceto",500,518,1018
"Casasco",70,56,126
"Cassano Spinola",864,942,1806
"Cassine",1511,1528,3039
"Cassinelle",487,462,949
"Castellania",38,53,91
"Castellar Guidobono",223,204,427
"Castellazzo Bormida",2204,2376,4580
"Castelletto D'erro",72,78,150
"Castelletto D'orba",1052,1036,2088
"Castelletto Merli",246,237,483
"Castelletto Monferrato",769,789,1558
"Castelnuovo Bormida",329,361,690
"Castelnuovo Scrivia",2646,2772,5418
"Castelspina",202,219,421
"Cavatore",149,150,299
"Cella Monte",255,269,524
"Cereseto",234,221,455
"Cerreto Grue",157,166,323
"Cerrina Monferrato",738,746,1484
"Coniolo",222,230,452
"Conzano",488,527,1015
"Costa Vescovato",176,182,358
"Cremolino",541,529,1070
"Cuccaro Monferrato",165,175,340
"Denice",96,97,193
"Dernice",107,99,206
"Fabbrica Curone",326,366,692
"Felizzano",1201,1206,2407
"Fraconalto",201,151,352
"Francavilla Bisio",253,265,518
"Frascaro",204,237,441
"Frassinello Monferrato",255,277,532
"Frassineto Po",728,744,1472
"Fresonara",380,355,735
"Frugarolo",991,1025,2016
"Fubine",766,875,1641
"Gabiano",589,613,1202
"Gamalero",407,453,860
"Garbagna",350,359,709
"Gavazzana",93,80,173
"Gavi",2355,2347,4702
"Giarole",342,382,724
"Gremiasco",171,173,344
"Grognardo",156,140,296
"Grondona",274,273,547
"Guazzora",155,158,313
"Isola Sant'antonio",362,365,727
"Lerma",419,448,867
"Lu",567,606,1173
"Malvicino",34,48,82
"Masio",727,723,1450
"Melazzo",664,652,1316
"Merana",100,85,185
"Mirabello Monferrato",693,708,1401
"Molare",1086,1189,2275
"Molino Dei Torti",330,317,647
"Mombello Monferrato",530,552,1082
"Momperone",106,108,214
"Moncestino",110,119,229
"Mongiardino Ligure",98,76,174
"Monleale",283,305,588
"Montacuto",165,138,303
"Montaldeo",150,138,288
"Montaldo Bormida",358,348,706
"Montecastello",158,163,321
"Montechiaro D'acqui",280,282,562
"Montegioco",171,152,323
"Montemarzino",165,178,343
"Morano Sul Po",716,796,1512
"Morbello",210,202,412
"Mornese",359,374,733
"Morsasco",359,357,716
"Murisengo",710,742,1452
"Novi Ligure",13031,14572,27603
"Occimiano",666,706,1372
"Odalengo Grande",240,239,479
"Odalengo Piccolo",139,133,272
"Olivola",62,60,122
"Orsara Bormida",204,204,408
"Ottiglio",337,335,672
"Ovada",5508,6163,11671
"Oviglio",642,673,1315
"Ozzano Monferrato",710,782,1492
"Paderna",110,121,231
"Pareto",320,280,600
"Parodi Ligure",356,354,710
"Pasturana",597,663,1260
"Pecetto Di Valenza",617,614,1231
"Pietra Marazzi",434,473,907
"Piovera",405,424,829
"Pomaro Monferrato",196,193,389
"Pontecurone",1851,1983,3834
"Pontestura",736,764,1500
"Ponti",296,318,614
"Ponzano Monferrato",179,205,384
"Ponzone",542,520,1062
"Pozzol Groppo",182,180,362
"Pozzolo Formigaro",2382,2514,4896
"Prasco",272,281,553
"Predosa",1028,1050,2078
"Quargnento",677,710,1387
"Quattordio",813,855,1668
"Ricaldone",358,321,679
"Rivalta Bormida",702,722,1424
"Rivarone",175,181,356
"Roccaforte Ligure",91,63,154
"Rocca Grimalda",762,741,1503
"Rocchetta Ligure",108,100,208
"Rosignano Monferrato",796,839,1635
"Sala Monferrato",185,188,373
"Sale",2007,2210,4217
"San Cristoforo",293,315,608
"San Giorgio Monferrato",613,665,1278
"San Salvatore Monferrato",2154,2286,4440
"San Sebastiano Curone",271,315,586
"Sant'agata Fossili",213,229,442
"Sardigliano",224,225,449
"Sarezzano",587,606,1193
"Serralunga Di Crea",284,301,585
"Serravalle Scrivia",3158,3187,6345
"Sezzadio",633,660,1293
"Silvano D'orba",984,1062,2046
"Solero",800,866,1666
"Solonghello",105,116,221
"Spigno Monferrato",556,567,1123
"Spineto Scrivia",166,164,330
"Stazzano",1184,1256,2440
"Strevi",990,1046,2036
"Tagliolo Monferrato",817,793,1610
"Tassarolo",326,310,636
"Terruggia",412,490,902
"Terzo",459,450,909
"Ticineto",690,742,1432
"Tortona",12247,13740,25987
"Treville",136,142,278
"Trisobbio",317,351,668
"Valenza",9347,10333,19680
"Valmacca",497,556,1053
"Vignale Monferrato",508,557,1065
"Vignole Borbera",1071,1163,2234
"Viguzzolo",1564,1650,3214
"Villadeati",249,266,515
"Villalvernia",455,509,964
"Villamiroglio",170,163,333
"Villanova Monferrato",888,973,1861
"Villaromagnano",349,349,698
"Visone",620,637,1257
"Volpedo",582,633,1215
"Volpeglino",90,72,162
"Voltaggio",380,386,766
"Allein",123,124,247
"Antey-Saint-Andrã¨",304,317,621
"Aosta",15823,18206,34029
"Arnad",613,681,1294
"Arvier",451,441,892
"Avise",171,178,349
"Ayas",685,676,1361
"Aymavilles",1020,1042,2062
"Bard",58,65,123
"Bionaz",124,111,235
"Brissogne",516,479,995
"Brusson",410,447,857
"Challand-Saint-Anselme",382,380,762
"Challand-Saint-Victor",306,299,605
"Chambave",474,467,941
"Chamois",45,49,94
"Champdepraz",337,363,700
"Champorcher",193,199,392
"Charvensod",1256,1266,2522
"Chatillon",2387,2525,4912
"Cogne",718,725,1443
"Courmayeur",1412,1410,2822
"Donnas",1252,1373,2625
"Doues",233,246,479
"Emarã¨Se",122,106,228
"Etroubles",249,246,495
"Fã©Nis",891,886,1777
"Fontainemore",223,219,442
"Gaby",236,250,486
"Gignod",831,856,1687
"Gressan",1660,1654,3314
"Gressoney-La-Trinitã¨",141,167,308
"Gressoney-Saint-Jean",397,415,812
"Hone",561,616,1177
"Introd",308,319,627
"Issime",208,213,421
"Issogne",671,715,1386
"Jovencan",385,373,758
"La Magdeleine",60,50,110
"La Salle",1020,1041,2061
"La Thuile",384,397,781
"Lillianes",225,244,469
"Montjovet",949,898,1847
"Morgex",995,1062,2057
"Nus",1452,1507,2959
"Ollomont",83,75,158
"Oyace",125,98,223
"Perloz",222,225,447
"Pollein",775,767,1542
"Pontboset",97,97,194
"Pontey",403,408,811
"Pont-Saint-Martin",1952,2044,3996
"Prã¨-Saint-Didier",521,489,1010
"Quart",1957,1922,3879
"Rhemes-Notre-Dame",68,45,113
"Rhemes-Saint-Georges",95,96,191
"Roisan",521,519,1040
"Saint-Christophe",1642,1705,3347
"Saint-Denis",201,189,390
"Saint-Marcel",629,641,1270
"Saint-Nicolas",159,158,317
"Saint-Oyen",103,114,217
"Saint-Pierre",1561,1553,3114
"Saint-Rhã©My-En-Bosses",201,165,366
"Saint-Vincent",2251,2359,4610
"Sarre",2396,2458,4854
"Torgnon",267,252,519
"Valgrisenche",104,93,197
"Valpelline",344,306,650
"Valsavarenche",86,95,181
"Valtournenche",1115,1020,2135
"Verrayes",681,657,1338
"Verrã¨S",1320,1391,2711
"Villeneuve",635,601,1236
"Airole",236,222,458
"Apricale",319,305,624
"Aquila D'arroscia",82,92,174
"Armo",57,66,123
"Aurigo",168,173,341
"Badalucco",567,608,1175
"Bajardo",160,151,311
"Bordighera",4691,5673,10364
"Borghetto D'arroscia",233,230,463
"Borgomaro",438,425,863
"Camporosso",2684,2743,5427
"Caravonica",166,134,300
"Carpasio",81,73,154
"Castellaro",598,629,1227
"Castel Vittorio",164,165,329
"Ceriana",639,617,1256
"Cervo",534,594,1128
"Cesio",138,143,281
"Chiusanico",303,300,603
"Chiusavecchia",295,270,565
"Cipressa",612,652,1264
"Civezza",329,314,643
"Cosio D'arroscia",119,126,245
"Costarainera",385,416,801
"Diano Arentino",345,335,680
"Diano Castello",1069,1169,2238
"Diano Marina",2742,3224,5966
"Diano San Pietro",557,558,1115
"Dolceacqua",967,1013,1980
"Dolcedo",714,742,1456
"Imperia",20110,22215,42325
"Isolabona",309,361,670
"Lucinasco",149,131,280
"Mendatica",100,103,203
"Molini Di Triora",312,305,617
"Montalto Ligure",178,186,364
"Montegrosso Pian Latte",59,61,120
"Olivetta San Michele",117,108,225
"Ospedaletti",1596,1789,3385
"Perinaldo",453,462,915
"Pietrabruna",277,260,537
"Pieve Di Teco",687,722,1409
"Pigna",430,466,896
"Pompeiana",397,415,812
"Pontedassio",1180,1158,2338
"Pornassio",295,281,576
"Prelã ",249,251,500
"Ranzo",276,274,550
"Rezzo",190,181,371
"Riva Ligure",1367,1493,2860
"Rocchetta Nervina",134,140,274
"San Bartolomeo Al Mare",1476,1649,3125
"San Biagio Della Cima",620,659,1279
"San Lorenzo Al Mare",662,716,1378
"Sanremo",25230,28812,54042
"Santo Stefano Al Mare",1051,1179,2230
"Seborga",154,166,320
"Soldano",499,486,985
"Taggia",6567,7352,13919
"Terzorio",114,120,234
"Triora",179,201,380
"Vallebona",657,671,1328
"Vallecrosia",3353,3702,7055
"Vasia",210,213,423
"Ventimiglia",11520,12347,23867
"Vessalico",149,136,285
"Villa Faraldi",221,221,442
"Alassio",5063,5941,11004
"Albenga",11340,12228,23568
"Albissola Marina",2558,3001,5559
"Albisola Superiore",4813,5557,10370
"Altare",1024,1094,2118
"Andora",3530,3940,7470
"Arnasco",329,295,624
"Balestrino",285,322,607
"Bardineto",339,356,695
"Bergeggi",526,595,1121
"Boissano",1198,1226,2424
"Borghetto Santo Spirito",2361,2769,5130
"Borgio Verezzi",1061,1259,2320
"Bormida",196,202,398
"Cairo Montenotte",6371,6838,13209
"Calice Ligure",818,857,1675
"Calizzano",743,802,1545
"Carcare",2632,2982,5614
"Casanova Lerrone",365,374,739
"Castelbianco",158,164,322
"Castelvecchio Di Rocca Barbena",90,79,169
"Celle Ligure",2546,2796,5342
"Cengio",1787,1889,3676
"Ceriale",2735,3072,5807
"Cisano Sul Neva",959,1009,1968
"Cosseria",524,552,1076
"Dego",988,1015,2003
"Erli",140,120,260
"Finale Ligure",5538,6168,11706
"Garlenda",609,604,1213
"Giustenice",480,463,943
"Giusvalla",247,215,462
"Laigueglia",823,966,1789
"Loano",5248,6273,11521
"Magliolo",487,435,922
"Mallare",582,617,1199
"Massimino",58,61,119
"Millesimo",1683,1763,3446
"Mioglia",261,276,537
"Murialdo",424,418,842
"Nasino",109,107,216
"Noli",1327,1470,2797
"Onzo",111,124,235
"Orco Feglino",438,454,892
"Ortovero",788,797,1585
"Osiglia",234,234,468
"Pallare",467,483,950
"Piana Crixia",428,429,857
"Pietra Ligure",4091,4791,8882
"Plodio",324,324,648
"Pontinvrea",425,426,851
"Quiliano",3540,3814,7354
"Rialto",278,288,566
"Roccavignale",357,388,745
"Sassello",949,930,1879
"Savona",28125,32470,60595
"Spotorno",1813,2073,3886
"Stella",1525,1520,3045
"Stellanello",444,410,854
"Testico",104,105,209
"Toirano",1302,1348,2650
"Tovo San Giacomo",1227,1256,2483
"Urbe",363,398,761
"Vado Ligure",3915,4263,8178
"Varazze",6479,6988,13467
"Vendone",189,208,397
"Vezzi Portio",398,406,804
"Villanova D'albenga",1249,1291,2540
"Zuccarello",147,172,319
"Arenzano",5487,6069,11556
"Avegno",1246,1285,2531
"Bargagli",1423,1382,2805
"Bogliasco",2114,2401,4515
"Borzonasca",1050,1081,2131
"Busalla",2792,2948,5740
"Camogli",2641,2814,5455
"Campo Ligure",1487,1546,3033
"Campomorone",3521,3779,7300
"Carasco",1800,1840,3640
"Casarza Ligure",3262,3460,6722
"Casella",1627,1599,3226
"Castiglione Chiavarese",790,859,1649
"Ceranesi",1983,2014,3997
"Chiavari",12434,14861,27295
"Cicagna",1255,1303,2558
"Cogoleto",4341,4796,9137
"Cogorno",2759,2873,5632
"Coreglia Ligure",151,128,279
"Crocefieschi",279,279,558
"Davagna",966,960,1926
"Fascia",56,46,102
"Favale Di Malvaro",246,254,500
"Fontanigorda",139,133,272
"Genova",272622,312022,584644
"Gorreto",49,57,106
"Isola Del Cantone",778,762,1540
"Lavagna",5760,6800,12560
"Leivi",1121,1229,2350
"Lorsica",257,256,513
"Lumarzo",798,803,1601
"Masone",1821,1922,3743
"Mele",1296,1390,2686
"Mezzanego",806,832,1638
"Mignanego",1854,1890,3744
"Moconesi",1353,1331,2684
"Moneglia",1343,1541,2884
"Montebruno",123,95,218
"Montoggio",1016,1033,2049
"Ne",1177,1180,2357
"Neirone",520,457,977
"Orero",305,295,600
"Pieve Ligure",1256,1322,2578
"Portofino",218,221,439
"Propata",92,68,160
"Rapallo",13519,15617,29136
"Recco",4672,5419,10091
"Rezzoaglio",532,546,1078
"Ronco Scrivia",2231,2342,4573
"Rondanina",42,26,68
"Rossiglione",1402,1519,2921
"Rovegno",295,282,577
"San Colombano Certenoli",1373,1332,2705
"Santa Margherita Ligure",4461,5219,9680
"Sant'olcese",2886,3025,5911
"Santo Stefano D'aveto",605,602,1207
"Savignone",1599,1626,3225
"Serra Riccã²",3905,4041,7946
"Sestri Levante",8523,9654,18177
"Sori",2102,2302,4404
"Tiglieto",293,280,573
"Torriglia",1176,1208,2384
"Tribogna",311,306,617
"Uscio",1120,1144,2264
"Valbrevenna",444,365,809
"Vobbia",245,213,458
"Zoagli",1205,1300,2505
"Ameglia",2105,2358,4463
"Arcola",4962,5324,10286
"Beverino",1169,1231,2400
"Bolano",3815,3937,7752
"Bonassola",463,520,983
"Borghetto Di Vara",481,511,992
"Brugnato",618,646,1264
"Calice Al Cornoviglio",565,579,1144
"Carro",280,291,571
"Carrodano",268,251,519
"Castelnuovo Magra",3988,4270,8258
"Deiva Marina",681,752,1433
"Follo",3145,3194,6339
"Framura",313,365,678
"La Spezia",43370,49048,92418
"Lerici",4618,5399,10017
"Levanto",2592,2920,5512
"Maissana",355,304,659
"Monterosso Al Mare",672,802,1474
"Ortonovo",4074,4315,8389
"Pignone",293,304,597
"Portovenere",1801,1890,3691
"Riccã² Del Golfo Di Spezia",1736,1800,3536
"Riomaggiore",797,869,1666
"Rocchetta Di Vara",403,379,782
"Santo Stefano Di Magra",4243,4552,8795
"Sarzana",10352,11378,21730
"Sesta Godano",705,733,1438
"Varese Ligure",991,1101,2092
"Vernazza",443,478,921
"Vezzano Ligure",3560,3809,7369
"Zignago",261,273,534
"Agra",202,184,386
"Albizzate",2577,2721,5298
"Angera",2701,2910,5611
"Arcisate",4784,5064,9848
"Arsago Seprio",2410,2427,4837
"Azzate",2264,2320,4584
"Azzio",409,398,807
"Barasso",797,909,1706
"Bardello",737,813,1550
"Bedero Valcuvia",331,339,670
"Besano",1290,1315,2605
"Besnate",2699,2774,5473
"Besozzo",4323,4689,9012
"Biandronno",1579,1697,3276
"Bisuschio",2067,2202,4269
"Bodio Lomnago",1045,1068,2113
"Brebbia",1627,1722,3349
"Bregano",424,411,835
"Brenta",897,911,1808
"Brezzo Di Bedero",606,579,1185
"Brinzio",460,415,875
"Brissago-Valtravaglia",619,633,1252
"Brunello",511,522,1033
"Brusimpiano",578,609,1187
"Buguggiate",1488,1613,3101
"Busto Arsizio",37944,41448,79392
"Cadegliano-Viconago",925,946,1871
"Cadrezzate",894,927,1821
"Cairate",3905,3934,7839
"Cantello",2249,2317,4566
"Caravate",1313,1290,2603
"Cardano Al Campo",6870,7227,14097
"Carnago",3193,3347,6540
"Caronno Pertusella",8064,8339,16403
"Caronno Varesino",2449,2484,4933
"Casale Litta",1295,1350,2645
"Casalzuigno",649,645,1294
"Casciago",1854,2005,3859
"Casorate Sempione",2783,2945,5728
"Cassano Magnago",10390,11010,21400
"Cassano Valcuvia",316,351,667
"Castellanza",6758,7463,14221
"Castello Cabiaglio",274,258,532
"Castelseprio",616,658,1274
"Castelveccana",954,1038,1992
"Castiglione Olona",3882,3970,7852
"Castronno",2584,2654,5238
"Cavaria Con Premezzo",2833,2895,5728
"Cazzago Brabbia",411,413,824
"Cislago",4971,5035,10006
"Cittiglio",1956,2000,3956
"Clivio",936,998,1934
"Cocquio-Trevisago",2309,2450,4759
"Comabbio",591,591,1182
"Comerio",1243,1381,2624
"Cremenaga",370,388,758
"Crosio Della Valle",297,313,610
"Cuasso Al Monte",1778,1839,3617
"Cugliate-Fabiasco",1554,1530,3084
"Cunardo",1413,1487,2900
"Curiglia Con Monteviasco",95,99,194
"Cuveglio",1628,1781,3409
"Cuvio",820,867,1687
"Daverio",1483,1587,3070
"Dumenza",716,715,1431
"Duno",83,76,159
"Fagnano Olona",5997,6194,12191
"Ferno",3417,3404,6821
"Ferrera Di Varese",358,337,695
"Gallarate",24198,26156,50354
"Galliate Lombardo",466,513,979
"Gavirate",4407,4813,9220
"Gazzada Schianno",2262,2391,4653
"Gemonio",1402,1480,2882
"Gerenzano",5189,5277,10466
"Germignaga",1815,1922,3737
"Golasecca",1313,1338,2651
"Gorla Maggiore",2541,2543,5084
"Gorla Minore",4142,4231,8373
"Gornate-Olona",1116,1104,2220
"Grantola",629,641,1270
"Inarzo",536,550,1086
"Induno Olona",5028,5278,10306
"Ispra",2486,2683,5169
"Jerago Con Orago",2500,2593,5093
"Lavena Ponte Tresa",2585,2845,5430
"Laveno-Mombello",4163,4743,8906
"Leggiuno",1729,1829,3558
"Lonate Ceppino",2408,2475,4883
"Lonate Pozzolo",5804,5910,11714
"Lozza",619,617,1236
"Luino",6823,7424,14247
"Luvinate",652,650,1302
"Maccagno",940,1043,1983
"Malgesso",662,649,1311
"Malnate",7940,8638,16578
"Marchirolo",1678,1711,3389
"Marnate",3573,3750,7323
"Marzio",164,146,310
"Masciago Primo",148,140,288
"Mercallo",922,913,1835
"Mesenzana",726,750,1476
"Montegrino Valtravaglia",704,721,1425
"Monvalle",937,1005,1942
"Morazzone",2070,2202,4272
"Mornago",2405,2415,4820
"Oggiona Con Santo Stefano",2128,2162,4290
"Olgiate Olona",5967,6261,12228
"Origgio",3631,3794,7425
"Orino",422,417,839
"Osmate",384,405,789
"Pino Sulla Sponda Del Lago Maggiore",112,97,209
"Porto Ceresio",1440,1561,3001
"Porto Valtravaglia",1106,1222,2328
"Rancio Valcuvia",471,459,930
"Ranco",633,688,1321
"Saltrio",1468,1561,3029
"Samarate",7977,8226,16203
"Saronno",18312,20332,38644
"Sesto Calende",5225,5571,10796
"Solbiate Arno",2093,2196,4289
"Solbiate Olona",2763,2800,5563
"Somma Lombardo",8222,8688,16910
"Sumirago",3052,3194,6246
"Taino",1869,1895,3764
"Ternate",1224,1271,2495
"Tradate",8636,9208,17844
"Travedona-Monate",1937,2065,4002
"Tronzano Lago Maggiore",120,135,255
"Uboldo",5237,5236,10473
"Valganna",783,804,1587
"Varano Borghi",1159,1249,2408
"Varese",37334,42071,79405
"Vedano Olona",3529,3758,7287
"Veddasca",112,137,249
"Venegono Inferiore",3046,3178,6224
"Venegono Superiore",3524,3650,7174
"Vergiate",4383,4578,8961
"Viggiã¹",2486,2710,5196
"Vizzola Ticino",303,268,571
"Sangiano",785,767,1552
"Albavilla",3020,3238,6258
"Albese Con Cassano",2040,2145,4185
"Albiolo",1334,1334,2668
"Alserio",586,587,1173
"Alzate Brianza",2489,2529,5018
"Anzano Del Parco",860,903,1763
"Appiano Gentile",3717,3970,7687
"Argegno",329,330,659
"Arosio",2441,2553,4994
"Asso",1750,1872,3622
"Barni",303,293,596
"Bellagio",1460,1624,3084
"Bene Lario",169,173,342
"Beregazzo Con Figliaro",1253,1336,2589
"Binago",2407,2363,4770
"Bizzarone",759,769,1528
"Blessagno",145,145,290
"Blevio",551,622,1173
"Bregnano",3124,3092,6216
"Brenna",1035,984,2019
"Brienno",197,205,402
"Brunate",857,895,1752
"Bulgarograsso",1972,1909,3881
"Cabiate",3689,3689,7378
"Cadorago",3762,3893,7655
"Caglio",207,224,431
"Cagno",1017,1034,2051
"Campione D'italia",1044,1096,2140
"Cantã¹",18845,19871,38716
"Canzo",2497,2620,5117
"Capiago Intimiano",2718,2807,5525
"Carate Urio",560,646,1206
"Carbonate",1465,1437,2902
"Carimate",2141,2204,4345
"Carlazzo",1443,1528,2971
"Carugo",3076,3155,6231
"Casasco D'intelvi",206,212,418
"Caslino D'erba",832,870,1702
"Casnate Con Bernate",2474,2459,4933
"Cassina Rizzardi",1523,1654,3177
"Castelmarte",662,618,1280
"Castelnuovo Bozzente",441,462,903
"Castiglione D'intelvi",546,516,1062
"Cavallasca",1432,1480,2912
"Cavargna",123,123,246
"Cerano D'intelvi",250,282,532
"Cermenate",4405,4627,9032
"Cernobbio",3271,3552,6823
"Cirimido",1057,1066,2123
"Civenna",352,376,728
"Claino Con Osteno",259,281,540
"Colonno",256,254,510
"Como",38623,43501,82124
"Corrido",406,438,844
"Cremia",359,354,713
"Cucciago",1732,1704,3436
"Cusino",113,123,236
"Dizzasco",263,299,562
"Domaso",708,751,1459
"Dongo",1678,1808,3486
"Dosso Del Liro",137,135,272
"Drezzo",608,623,1231
"Erba",7860,8621,16481
"Eupilio",1375,1387,2762
"Faggeto Lario",618,612,1230
"Faloppio",2149,2128,4277
"Fenegrã²",1540,1594,3134
"Figino Serenza",2590,2636,5226
"Fino Mornasco",4791,4778,9569
"Garzeno",425,422,847
"Gera Lario",530,494,1024
"Gironico",1083,1160,2243
"Grandate",1370,1491,2861
"Grandola Ed Uniti",668,643,1311
"Griante",302,322,624
"Guanzate",2832,2866,5698
"Inverigo",4378,4559,8937
"Laglio",432,477,909
"Laino",263,250,513
"Lambrugo",1238,1225,2463
"Lanzo D'intelvi",691,728,1419
"Lasnigo",234,234,468
"Lenno",883,937,1820
"Lezzeno",980,1068,2048
"Limido Comasco",1936,1871,3807
"Lipomo",2882,2930,5812
"Livo",107,83,190
"Locate Varesino",2096,2110,4206
"Lomazzo",4416,4775,9191
"Longone Al Segrino",895,892,1787
"Luisago",1321,1365,2686
"Lurago D'erba",2647,2686,5333
"Lurago Marinone",1230,1222,2452
"Lurate Caccivio",4810,5068,9878
"Magreglio",304,339,643
"Mariano Comense",11584,11968,23552
"Maslianico",1595,1722,3317
"Menaggio",1515,1663,3178
"Merone",2076,2091,4167
"Mezzegra",490,522,1012
"Moltrasio",790,842,1632
"Monguzzo",1117,1115,2232
"Montano Lucino",2336,2447,4783
"Montemezzo",139,123,262
"Montorfano",1278,1350,2628
"Mozzate",4029,4208,8237
"Musso",512,505,1017
"Nesso",603,635,1238
"Novedrate",1449,1426,2875
"Olgiate Comasco",5550,5879,11429
"Oltrona Di San Mamette",1128,1172,2300
"Orsenigo",1371,1395,2766
"Ossuccio",477,499,976
"Parã¨",871,894,1765
"Peglio",87,94,181
"Pellio Intelvi",492,506,998
"Pianello Del Lario",491,536,1027
"Pigra",133,134,267
"Plesio",420,420,840
"Pognana Lario",367,392,759
"Ponna",126,142,268
"Ponte Lambro",2102,2238,4340
"Porlezza",2243,2420,4663
"Proserpio",444,447,891
"Pusiano",656,675,1331
"Ramponio Verna",217,195,412
"Rezzago",164,153,317
"Rodero",598,611,1209
"Ronago",877,878,1755
"Rovellasca",3664,3897,7561
"Rovello Porro",2966,3075,6041
"Sala Comacina",267,347,614
"San Bartolomeo Val Cavargna",512,530,1042
"San Fedele Intelvi",851,910,1761
"San Fermo Della Battaglia",2144,2311,4455
"San Nazzaro Val Cavargna",170,168,338
"Schignano",445,426,871
"Senna Comasco",1600,1573,3173
"Solbiate",1229,1296,2525
"Sorico",605,629,1234
"Sormano",332,301,633
"Stazzona",319,313,632
"Tavernerio",2806,2906,5712
"Torno",582,618,1200
"Tremezzo",601,651,1252
"Trezzone",119,118,237
"Turate",4383,4592,8975
"Uggiate-Trevano",2196,2266,4462
"Valbrona",1286,1345,2631
"Valmorea",1287,1356,2643
"Val Rezzo",94,85,179
"Valsolda",815,815,1630
"Veleso",134,135,269
"Veniano",1434,1456,2890
"Vercana",378,371,749
"Vertemate Con Minoprio",1979,2024,4003
"Villa Guardia",3817,4014,7831
"Zelbio",105,112,217
"San Siro",858,892,1750
"Gravedona Ed Uniti",2027,2164,4191
"Albaredo Per San Marco",183,166,349
"Albosaggia",1550,1591,3141
"Andalo Valtellino",283,265,548
"Aprica",763,826,1589
"Ardenno",1605,1655,3260
"Bema",66,62,128
"Berbenno Di Valtellina",2088,2204,4292
"Bianzone",626,646,1272
"Bormio",1936,2083,4019
"Buglio In Monte",1057,1035,2092
"Caiolo",493,535,1028
"Campodolcino",506,523,1029
"Caspoggio",730,768,1498
"Castello Dell'acqua",326,319,645
"Castione Andevenno",792,773,1565
"Cedrasco",224,231,455
"Cercino",370,386,756
"Chiavenna",3421,3885,7306
"Chiesa In Valmalenco",1287,1298,2585
"Chiuro",1206,1315,2521
"Cino",198,177,375
"Civo",583,528,1111
"Colorina",738,715,1453
"Cosio Valtellino",2737,2667,5404
"Dazio",201,227,428
"Delebio",1574,1586,3160
"Dubino",1736,1805,3541
"Faedo Valtellino",267,278,545
"Forcola",404,427,831
"Fusine",306,306,612
"Gerola Alta",100,90,190
"Gordona",913,945,1858
"Grosio",2214,2395,4609
"Grosotto",774,839,1613
"Madesimo",279,257,536
"Lanzada",698,669,1367
"Livigno",3076,2893,5969
"Lovero",333,336,669
"Mantello",362,387,749
"Mazzo Di Valtellina",514,526,1040
"Mello",492,504,996
"Menarola",27,19,46
"Mese",857,902,1759
"Montagna In Valtellina",1471,1564,3035
"Morbegno",5683,6125,11808
"Novate Mezzola",888,927,1815
"Pedesina",15,16,31
"Piantedo",650,674,1324
"Piateda",1122,1194,2316
"Piuro",963,977,1940
"Poggiridenti",927,937,1864
"Ponte In Valtellina",1124,1181,2305
"Postalesio",327,331,658
"Prata Camportaccio",1470,1441,2911
"Rasura",153,139,292
"Rogolo",282,274,556
"Samolaco",1416,1473,2889
"San Giacomo Filippo",199,198,397
"Sernio",246,253,499
"Sondalo",2034,2192,4226
"Sondrio",10074,11561,21635
"Spriana",53,48,101
"Talamona",2349,2427,4776
"Tartano",99,89,188
"Teglio",2303,2353,4656
"Tirano",4323,4770,9093
"Torre Di Santa Maria",405,421,826
"Tovo Di Sant'agata",317,310,627
"Traona",1287,1259,2546
"Tresivio",988,1025,2013
"Valdidentro",2039,2015,4054
"Valdisotto",1771,1766,3537
"Valfurva",1326,1366,2692
"Val Masino",466,466,932
"Verceia",547,540,1087
"Vervio",103,107,210
"Villa Di Chiavenna",531,503,1034
"Villa Di Tirano",1458,1496,2954
"Abbiategrasso",14873,16050,30923
"Albairate",2320,2298,4618
"Arconate",3241,3287,6528
"Arese",9281,9841,19122
"Arluno",5659,5862,11521
"Assago",4009,4098,8107
"Bareggio",8348,8714,17062
"Basiano",1801,1814,3615
"Basiglio",3719,3821,7540
"Bellinzago Lombardo",1855,1949,3804
"Bernate Ticino",1503,1563,3066
"Besate",1001,1031,2032
"Binasco",3401,3751,7152
"Boffalora Sopra Ticino",2068,2115,4183
"Bollate",17026,18504,35530
"Bresso",12301,13428,25729
"Bubbiano",1106,1121,2227
"Buccinasco",12924,13568,26492
"Buscate",2334,2418,4752
"Bussero",4177,4375,8552
"Busto Garolfo",6635,6843,13478
"Calvignasco",603,578,1181
"Cambiago",3274,3249,6523
"Canegrate",6069,6372,12441
"Carpiano",2014,1966,3980
"Carugate",6987,7179,14166
"Casarile",1879,1989,3868
"Casorezzo",2634,2711,5345
"Cassano D'adda",9027,9505,18532
"Cassina De' Pecchi",6388,6826,13214
"Cassinetta Di Lugagnano",927,977,1904
"Castano Primo",5329,5648,10977
"Cernusco Sul Naviglio",14630,16015,30645
"Cerro Al Lambro",2486,2495,4981
"Cerro Maggiore",7209,7545,14754
"Cesano Boscone",11301,11934,23235
"Cesate",6785,7094,13879
"Cinisello Balsamo",34335,36545,70880
"Cisliano",2129,2121,4250
"Cologno Monzese",22083,23605,45688
"Colturano",989,971,1960
"Corbetta",8618,8875,17493
"Cormano",9621,10346,19967
"Cornaredo",9778,10317,20095
"Corsico",16149,17491,33640
"Cuggiono",3942,4198,8140
"Cusago",1770,1836,3606
"Cusano Milanino",8949,9944,18893
"Dairago",2885,2998,5883
"Dresano",1514,1517,3031
"Gaggiano",4363,4541,8904
"Garbagnate Milanese",12826,13534,26360
"Gessate",4287,4407,8694
"Gorgonzola",9297,10060,19357
"Grezzago",1439,1402,2841
"Gudo Visconti",834,884,1718
"Inveruno",4206,4396,8602
"Inzago",5195,5364,10559
"Lacchiarella",4098,4301,8399
"Lainate",12294,12690,24984
"Legnano",27760,29947,57707
"Liscate",2059,2000,4059
"Locate Di Triulzi",4722,4931,9653
"Magenta",10989,11899,22888
"Magnago",4505,4583,9088
"Marcallo Con Casone",2988,3048,6036
"Masate",1650,1667,3317
"Mediglia",6044,6018,12062
"Melegnano",7843,8893,16736
"Melzo",8625,9518,18143
"Mesero",1968,1983,3951
"Milano",580103,660070,1240173
"Morimondo",599,586,1185
"Motta Visconti",3743,3853,7596
"Nerviano",8282,8783,17065
"Nosate",337,351,688
"Novate Milanese",9550,10405,19955
"Noviglio",2141,2105,4246
"Opera",6340,6848,13188
"Ossona",2097,2038,4135
"Ozzero",704,771,1475
"Paderno Dugnano",22518,23971,46489
"Pantigliate",2869,2991,5860
"Parabiago",12927,13628,26555
"Paullo",5391,5631,11022
"Pero",4934,5329,10263
"Peschiera Borromeo",10830,11414,22244
"Pessano Con Bornago",4475,4604,9079
"Pieve Emanuele",7340,7538,14878
"Pioltello",17506,17558,35064
"Pogliano Milanese",4007,4130,8137
"Pozzo D'adda",2869,2807,5676
"Pozzuolo Martesana",3882,4139,8021
"Pregnana Milanese",3428,3458,6886
"Rescaldina",6852,7055,13907
"Rho",24082,25853,49935
"Robecchetto Con Induno",2425,2440,4865
"Robecco Sul Naviglio",3405,3440,6845
"Rodano",2270,2269,4539
"Rosate",2641,2749,5390
"Rozzano",19243,20639,39882
"San Colombano Al Lambro",3593,3723,7316
"San Donato Milanese",15049,15946,30995
"San Giorgio Su Legnano",3285,3483,6768
"San Giuliano Milanese",17633,18202,35835
"Santo Stefano Ticino",2337,2458,4795
"San Vittore Olona",3949,4281,8230
"San Zenone Al Lambro",2084,2107,4191
"Sedriano",5597,5689,11286
"Segrate",16220,17238,33458
"Senago",10287,10627,20914
"Sesto San Giovanni",36302,40130,76432
"Settala",3690,3678,7368
"Settimo Milanese",9312,9860,19172
"Solaro",6866,7003,13869
"Trezzano Rosa",2398,2446,4844
"Trezzano Sul Naviglio",9786,10272,20058
"Trezzo Sull'adda",5717,6136,11853
"Tribiano",1677,1651,3328
"Truccazzano",3064,2890,5954
"Turbigo",3567,3826,7393
"Vanzago",4371,4528,8899
"Vaprio D'adda",4023,4111,8134
"Vermezzo",1876,1963,3839
"Vernate",1603,1597,3200
"Vignate",4451,4610,9061
"Vimodrone",7985,8470,16455
"Vittuone",4363,4587,8950
"Vizzolo Predabissi",1997,2052,4049
"Zelo Surrigone",712,785,1497
"Zibido San Giacomo",3247,3300,6547
"Villa Cortese",3022,3122,6144
"Vanzaghello",2602,2749,5351
"Baranzate",5404,5369,10773
"Adrara San Martino",1132,1028,2160
"Adrara San Rocco",428,412,840
"Albano Sant'alessandro",4035,3978,8013
"Albino",8873,9235,18108
"Almã¨",2750,2919,5669
"Almenno San Bartolomeo",2997,3045,6042
"Almenno San Salvatore",2815,3000,5815
"Alzano Lombardo",6651,6972,13623
"Ambivere",1213,1145,2358
"Antegnate",1537,1570,3107
"Arcene",2379,2364,4743
"Ardesio",1817,1807,3624
"Arzago D'adda",1368,1374,2742
"Averara",91,91,182
"Aviatico",272,243,515
"Azzano San Paolo",3708,3882,7590
"Azzone",225,208,433
"Bagnatica",2054,2100,4154
"Barbata",347,340,687
"Bariano",2269,2090,4359
"Barzana",914,886,1800
"Bedulita",368,353,721
"Berbenno",1180,1266,2446
"Bergamo",53441,61933,115374
"Berzo San Fermo",668,627,1295
"Bianzano",297,309,606
"Blello",38,38,76
"Bolgare",2926,2862,5788
"Boltiere",2949,2856,5805
"Bonate Sopra",4390,4540,8930
"Bonate Sotto",3259,3179,6438
"Borgo Di Terzo",539,553,1092
"Bossico",480,494,974
"Bottanuco",2597,2581,5178
"Bracca",369,376,745
"Branzi",372,355,727
"Brembate",4206,4103,8309
"Brembate Di Sopra",3869,3918,7787
"Brembilla",2071,2074,4145
"Brignano Gera D'adda",2966,2986,5952
"Brumano",57,38,95
"Brusaporto",2693,2719,5412
"Calcinate",2980,2818,5798
"Calcio",2693,2662,5355
"Calusco D'adda",4157,4091,8248
"Calvenzano",1993,2058,4051
"Camerata Cornello",310,314,624
"Canonica D'adda",2108,2085,4193
"Capizzone",649,656,1305
"Capriate San Gervasio",3853,3944,7797
"Caprino Bergamasco",1586,1545,3131
"Caravaggio",7777,8083,15860
"Carobbio Degli Angeli",2321,2235,4556
"Carona",167,188,355
"Carvico",2319,2367,4686
"Casazza",1971,2056,4027
"Casirate D'adda",1965,1928,3893
"Casnigo",1687,1654,3341
"Cassiglio",55,67,122
"Castelli Calepio",4785,4851,9636
"Castel Rozzone",1441,1452,2893
"Castione Della Presolana",1726,1722,3448
"Castro",687,693,1380
"Cavernago",1247,1258,2505
"Cazzano Sant'andrea",805,788,1593
"Cenate Sopra",1240,1261,2501
"Cenate Sotto",1763,1751,3514
"Cene",2082,2141,4223
"Cerete",830,812,1642
"Chignolo D'isola",1637,1570,3207
"Chiuduno",2913,2945,5858
"Cisano Bergamasco",3080,3195,6275
"Ciserano",2954,2762,5716
"Cividate Al Piano",2601,2581,5182
"Clusone",4159,4509,8668
"Colere",571,566,1137
"Cologno Al Serio",5343,5246,10589
"Colzate",807,862,1669
"Comun Nuovo",2173,1996,4169
"Corna Imagna",485,479,964
"Cortenuova",971,974,1945
"Costa Di Mezzate",1670,1605,3275
"Costa Valle Imagna",313,306,619
"Costa Volpino",4475,4726,9201
"Covo",2043,2013,4056
"Credaro",1700,1654,3354
"Curno",3756,3888,7644
"Cusio",132,119,251
"Dalmine",11233,11613,22846
"Dossena",491,469,960
"Endine Gaiano",1773,1730,3503
"Entratico",939,939,1878
"Fara Gera D'adda",3967,3944,7911
"Fara Olivana Con Sola",655,615,1270
"Filago",1576,1599,3175
"Fino Del Monte",566,565,1131
"Fiorano Al Serio",1471,1583,3054
"Fontanella",2160,2184,4344
"Fonteno",342,346,688
"Foppolo",110,92,202
"Foresto Sparso",1573,1581,3154
"Fornovo San Giovanni",1670,1661,3331
"Fuipiano Valle Imagna",106,114,220
"Gandellino",540,502,1042
"Gandino",2742,2823,5565
"Gandosso",764,743,1507
"Gaverina Terme",423,443,866
"Gazzaniga",2461,2710,5171
"Gerosa",183,191,374
"Ghisalba",2986,2941,5927
"Gorlago",2545,2496,5041
"Gorle",3170,3287,6457
"Gorno",819,817,1636
"Grassobbio",3218,3126,6344
"Gromo",645,595,1240
"Grone",467,442,909
"Grumello Del Monte",3526,3705,7231
"Isola Di Fondra",100,90,190
"Isso",330,332,662
"Lallio",2038,2089,4127
"Leffe",2307,2368,4675
"Lenna",309,332,641
"Levate",1904,1901,3805
"Locatello",408,417,825
"Lovere",2452,2861,5313
"Lurano",1293,1279,2572
"Luzzana",452,439,891
"Madone",1993,1954,3947
"Mapello",3250,3214,6464
"Martinengo",5125,4986,10111
"Mezzoldo",89,102,191
"Misano Di Gera D'adda",1462,1458,2920
"Moio De' Calvi",109,101,210
"Monasterolo Del Castello",585,598,1183
"Montello",1647,1543,3190
"Morengo",1284,1302,2586
"Mornico Al Serio",1449,1445,2894
"Mozzanica",2314,2255,4569
"Mozzo",3638,3810,7448
"Nembro",5676,5883,11559
"Olmo Al Brembo",259,260,519
"Oltre Il Colle",543,517,1060
"Oltressenda Alta",90,84,174
"Oneta",330,321,651
"Onore",421,427,848
"Orio Al Serio",847,892,1739
"Ornica",84,83,167
"Osio Sopra",2525,2562,5087
"Osio Sotto",6065,5984,12049
"Pagazzano",1061,1004,2065
"Paladina",1996,2000,3996
"Palazzago",2181,2128,4309
"Palosco",2876,2896,5772
"Parre",1393,1418,2811
"Parzanica",188,191,379
"Pedrengo",2928,2879,5807
"Peia",932,917,1849
"Pianico",761,760,1521
"Piario",541,564,1105
"Piazza Brembana",604,626,1230
"Piazzatorre",214,217,431
"Piazzolo",44,41,85
"Pognano",822,765,1587
"Ponte Nossa",917,995,1912
"Ponteranica",3357,3429,6786
"Ponte San Pietro",5495,5778,11273
"Pontida",1616,1596,3212
"Pontirolo Nuovo",2546,2456,5002
"Pradalunga",2303,2343,4646
"Predore",896,960,1856
"Premolo",602,572,1174
"Presezzo",2434,2507,4941
"Pumenengo",846,846,1692
"Ranica",2900,3074,5974
"Ranzanico",622,637,1259
"Riva Di Solto",463,400,863
"Rogno",1922,1969,3891
"Romano Di Lombardia",9419,9398,18817
"Roncobello",214,211,425
"Roncola",368,374,742
"Rota D'imagna",468,464,932
"Rovetta",1952,2005,3957
"San Giovanni Bianco",2542,2527,5069
"San Paolo D'argon",2701,2666,5367
"San Pellegrino Terme",2372,2564,4936
"Santa Brigida",302,294,596
"Sant'omobono Terme",1737,1717,3454
"Sarnico",3051,3346,6397
"Scanzorosciate",4799,5032,9831
"Schilpario",611,632,1243
"Sedrina",1263,1239,2502
"Selvino",997,1003,2000
"Seriate",11988,12474,24462
"Serina",1091,1069,2160
"Solto Collina",830,908,1738
"Songavazzo",348,352,700
"Sorisole",4522,4586,9108
"Sotto Il Monte Giovanni Xxiii",2148,2140,4288
"Sovere",2701,2806,5507
"Spinone Al Lago",528,509,1037
"Spirano",2868,2777,5645
"Stezzano",6246,6378,12624
"Strozza",544,521,1065
"Suisio",1965,1911,3876
"Taleggio",304,292,596
"Tavernola Bergamasca",1100,1042,2142
"Telgate",2562,2322,4884
"Terno D'isola",3861,3831,7692
"Torre Boldone",4042,4328,8370
"Torre De' Roveri",1171,1147,2318
"Torre Pallavicina",548,564,1112
"Trescore Balneario",4666,4773,9439
"Treviglio",13805,14691,28496
"Treviolo",5068,5240,10308
"Ubiale Clanezzo",721,678,1399
"Urgnano",4863,4695,9558
"Valbondione",542,542,1084
"Valbrembo",1911,1996,3907
"Valgoglio",299,309,608
"Valleve",67,70,137
"Valnegra",103,104,207
"Valsecca",221,207,428
"Valtorta",150,141,291
"Vedeseta",114,98,212
"Verdellino",4030,3602,7632
"Verdello",3850,3841,7691
"Vertova",2358,2492,4850
"Viadanica",539,543,1082
"Vigano San Martino",636,615,1251
"Vigolo",306,303,609
"Villa D'adda",2296,2434,4730
"Villa D'almã¨",3336,3488,6824
"Villa Di Serio",3286,3338,6624
"Villa D'ogna",967,1013,1980
"Villongo",3889,3729,7618
"Vilminore Di Scalve",731,754,1485
"Zandobbio",1377,1340,2717
"Zanica",4112,4080,8192
"Zogno",4416,4641,9057
"Costa Serina",488,484,972
"Algua",361,360,721
"Cornalba",158,145,303
"Medolago",1162,1170,2332
"Solza",973,994,1967
"Acquafredda",767,804,1571
"Adro",3545,3543,7088
"Agnosine",932,884,1816
"Alfianello",1222,1223,2445
"Anfo",240,229,469
"Angolo Terme",1255,1240,2495
"Artogne",1782,1768,3550
"Azzano Mella",1523,1439,2962
"Bagnolo Mella",6256,6440,12696
"Bagolino",1965,1971,3936
"Barbariga",1214,1184,2398
"Barghe",622,576,1198
"Bassano Bresciano",1113,1109,2222
"Bedizzole",5826,6015,11841
"Berlingo",1325,1254,2579
"Berzo Demo",859,852,1711
"Berzo Inferiore",1231,1220,2451
"Bienno",1755,1804,3559
"Bione",723,755,1478
"Borgo San Giacomo",2755,2724,5479
"Borgosatollo",4537,4567,9104
"Borno",1286,1346,2632
"Botticino",5198,5594,10792
"Bovegno",1137,1127,2264
"Bovezzo",3654,3835,7489
"Brandico",833,793,1626
"Braone",324,334,658
"Breno",2375,2536,4911
"Brescia",88431,100654,189085
"Brione",342,349,691
"Caino",1061,1035,2096
"Calcinato",6347,6260,12607
"Calvagese Della Riviera",1745,1725,3470
"Calvisano",4319,4210,8529
"Capo Di Ponte",1200,1307,2507
"Capovalle",183,201,384
"Capriano Del Colle",2288,2271,4559
"Capriolo",4508,4620,9128
"Carpenedolo",6299,6342,12641
"Castegnato",3975,4084,8059
"Castelcovati",3325,3268,6593
"Castel Mella",5430,5429,10859
"Castenedolo",5567,5665,11232
"Casto",962,916,1878
"Castrezzato",3543,3575,7118
"Cazzago San Martino",5432,5513,10945
"Cedegolo",607,642,1249
"Cellatica",2380,2578,4958
"Cerveno",345,332,677
"Ceto",952,977,1929
"Cevo",473,459,932
"Chiari",9062,9382,18444
"Cigole",813,798,1611
"Cimbergo",267,298,565
"Cividate Camuno",1377,1372,2749
"Coccaglio",4230,4241,8471
"Collebeato",2260,2437,4697
"Collio",1148,1076,2224
"Cologne",3751,3801,7552
"Comezzano-Cizzago",1884,1823,3707
"Concesio",7265,7576,14841
"Corte Franca",3556,3540,7096
"Corteno Golgi",1006,1013,2019
"Corzano",703,692,1395
"Darfo Boario Terme",7638,7890,15528
"Dello",2795,2795,5590
"Desenzano Del Garda",12537,14312,26849
"Edolo",2171,2325,4496
"Erbusco",4172,4119,8291
"Esine",2671,2682,5353
"Fiesse",1083,1085,2168
"Flero",4208,4245,8453
"Gambara",2332,2370,4702
"Gardone Riviera",1313,1397,2710
"Gardone Val Trompia",5774,5933,11707
"Gargnano",1399,1614,3013
"Gavardo",5786,5904,11690
"Ghedi",9332,9050,18382
"Gianico",1088,1115,2203
"Gottolengo",2588,2652,5240
"Gussago",8075,8336,16411
"Idro",951,937,1888
"Incudine",200,200,400
"Irma",70,76,146
"Iseo",4386,4705,9091
"Isorella",2048,2042,4090
"Lavenone",300,302,602
"Leno",7182,7194,14376
"Limone Sul Garda",572,590,1162
"Lodrino",907,840,1747
"Lograto",1893,1888,3781
"Lonato Del Garda",7723,7925,15648
"Longhena",317,287,604
"Losine",288,303,591
"Lozio",212,212,424
"Lumezzane",11569,11785,23354
"Maclodio",775,713,1488
"Magasa",74,70,144
"Mairano",1692,1643,3335
"Malegno",1028,1048,2076
"Malonno",1619,1713,3332
"Manerba Del Garda",2404,2477,4881
"Manerbio",6203,6636,12839
"Marcheno",2220,2128,4348
"Marmentino",351,327,678
"Marone",1614,1687,3301
"Mazzano",5692,5814,11506
"Milzano",909,898,1807
"Moniga Del Garda",1198,1239,2437
"Monno",265,297,562
"Monte Isola",880,924,1804
"Monticelli Brusati",2218,2189,4407
"Montichiari",11851,11857,23708
"Montirone",2567,2488,5055
"Mura",399,390,789
"Muscoline",1300,1251,2551
"Nave",5380,5569,10949
"Niardo",961,985,1946
"Nuvolento",1961,2038,3999
"Nuvolera",2278,2273,4551
"Odolo",1015,1070,2085
"Offlaga",2167,2101,4268
"Ome",1549,1691,3240
"Ono San Pietro",487,506,993
"Orzinuovi",6158,6201,12359
"Orzivecchi",1275,1222,2497
"Ospitaletto",6929,6740,13669
"Ossimo",719,723,1442
"Padenghe Sul Garda",2050,2233,4283
"Paderno Franciacorta",1852,1851,3703
"Paisco Loveno",101,98,199
"Paitone",1060,1034,2094
"Palazzolo Sull'oglio",9629,9855,19484
"Paratico",2243,2221,4464
"Paspardo",337,309,646
"Passirano",3473,3648,7121
"Pavone Del Mella",1428,1404,2832
"San Paolo",2294,2213,4507
"Pertica Alta",304,286,590
"Pertica Bassa",342,348,690
"Pezzaze",811,765,1576
"Pian Camuno",2211,2189,4400
"Pisogne",4043,4068,8111
"Polaveno",1346,1307,2653
"Polpenazze Del Garda",1216,1261,2477
"Pompiano",1968,1931,3899
"Poncarale",2624,2622,5246
"Ponte Di Legno",852,899,1751
"Pontevico",3310,3797,7107
"Pontoglio",3461,3448,6909
"Pozzolengo",1719,1725,3444
"Pralboino",1474,1437,2911
"Preseglie",806,767,1573
"Prestine",196,187,383
"Prevalle",3461,3367,6828
"Provaglio D'iseo",3574,3593,7167
"Provaglio Val Sabbia",498,463,961
"Puegnago Sul Garda",1613,1672,3285
"Quinzano D'oglio",3208,3183,6391
"Remedello",1694,1703,3397
"Rezzato",6319,6648,12967
"Roccafranca",2437,2343,4780
"Rodengo Saiano",4348,4491,8839
"Roã¨ Volciano",2203,2295,4498
"Roncadelle",4596,4707,9303
"Rovato",8890,8723,17613
"Rudiano",2942,2747,5689
"Sabbio Chiese",1950,1894,3844
"Sale Marasino",1638,1730,3368
"Salã²",4765,5579,10344
"San Felice Del Benaco",1633,1763,3396
"San Gervasio Bresciano",1254,1231,2485
"San Zeno Naviglio",2261,2359,4620
"Sarezzo",6696,6778,13474
"Saviore Dell'adamello",467,523,990
"Sellero",750,753,1503
"Seniga",802,793,1595
"Serle",1505,1579,3084
"Sirmione",3548,3874,7422
"Soiano Del Lago",881,907,1788
"Sonico",649,627,1276
"Sulzano",940,950,1890
"Tavernole Sul Mella",693,670,1363
"Temã¹",528,557,1085
"Tignale",614,689,1303
"Torbole Casaglia",3201,3178,6379
"Toscolano-Maderno",3759,4228,7987
"Travagliato",6689,6786,13475
"Tremosine",1059,1059,2118
"Trenzano",2761,2717,5478
"Treviso Bresciano",275,290,565
"Urago D'oglio",1978,1902,3880
"Vallio Terme",688,686,1374
"Valvestino",106,106,212
"Verolanuova",4036,4084,8120
"Verolavecchia",1944,1934,3878
"Vestone",2208,2247,4455
"Vezza D'oglio",726,747,1473
"Villa Carcina",5246,5520,10766
"Villachiara",707,735,1442
"Villanuova Sul Clisi",2720,2930,5650
"Vione",328,392,720
"Visano",978,953,1931
"Vobarno",4144,4012,8156
"Zone",546,545,1091
"Piancogno",2384,2287,4671
"Alagna",438,447,885
"Albaredo Arnaboldi",123,101,224
"Albonese",265,296,561
"Albuzzano",1675,1672,3347
"Arena Po",808,810,1618
"Badia Pavese",200,196,396
"Bagnaria",319,353,672
"Barbianello",440,454,894
"Bascapã¨",865,842,1707
"Bastida De' Dossi",82,90,172
"Bastida Pancarana",517,513,1030
"Battuda",290,295,585
"Belgioioso",3015,3260,6275
"Bereguardo",1380,1378,2758
"Borgarello",1350,1312,2662
"Borgo Priolo",706,679,1385
"Borgoratto Mormorolo",202,219,421
"Borgo San Siro",523,516,1039
"Bornasco",1353,1249,2602
"Bosnasco",331,304,635
"Brallo Di Pregola",360,325,685
"Breme",408,447,855
"Bressana Bottarone",1736,1781,3517
"Broni",4260,4816,9076
"Calvignano",58,70,128
"Campospinoso",474,523,997
"Candia Lomellina",776,861,1637
"Canevino",57,52,109
"Canneto Pavese",688,748,1436
"Carbonara Al Ticino",733,790,1523
"Casanova Lonati",248,240,488
"Casatisma",431,458,889
"Casei Gerola",1223,1277,2500
"Casorate Primo",4217,4243,8460
"Cassolnovo",3367,3570,6937
"Castana",358,380,738
"Casteggio",3197,3628,6825
"Castelletto Di Branduzzo",519,513,1032
"Castello D'agogna",553,531,1084
"Castelnovetto",313,315,628
"Cava Manara",3237,3363,6600
"Cecima",122,109,231
"Ceranova",942,946,1888
"Ceretto Lomellina",101,102,203
"Cergnago",364,378,742
"Certosa Di Pavia",2517,2526,5043
"Cervesina",580,640,1220
"Chignolo Po",1989,2023,4012
"Cigognola",666,685,1351
"Cilavegna",2711,2936,5647
"Codevilla",479,522,1001
"Confienza",838,835,1673
"Copiano",906,889,1795
"Corana",383,422,805
"Cornale",337,386,723
"Corteolona",1062,1089,2151
"Corvino San Quirico",497,542,1039
"Costa De' Nobili",186,166,352
"Cozzo",197,172,369
"Cura Carpignano",2200,2201,4401
"Dorno",2266,2309,4575
"Ferrera Erbognone",572,559,1131
"Filighera",418,424,842
"Fortunago",199,183,382
"Frascarolo",582,636,1218
"Galliavola",111,106,217
"Gambarana",114,127,241
"Gambolã²",4820,4974,9794
"Garlasco",4737,5064,9801
"Genzone",176,188,364
"Gerenzago",696,693,1389
"Giussago",2536,2534,5070
"Godiasco",1499,1637,3136
"Golferenzo",109,97,206
"Gravellona Lomellina",1301,1393,2694
"Gropello Cairoli",2245,2370,4615
"Inverno E Monteleone",693,696,1389
"Landriano",2866,3042,5908
"Langosco",207,225,432
"Lardirago",611,593,1204
"Linarolo",1369,1397,2766
"Lirio",69,62,131
"Lomello",1093,1193,2286
"Lungavilla",1158,1250,2408
"Magherno",827,866,1693
"Marcignago",1239,1212,2451
"Marzano",791,768,1559
"Mede",3322,3567,6889
"Menconico",185,186,371
"Mezzana Bigli",535,566,1101
"Mezzana Rabattone",236,268,504
"Mezzanino",741,737,1478
"Miradolo Terme",1896,1901,3797
"Montalto Pavese",450,471,921
"Montebello Della Battaglia",839,845,1684
"Montecalvo Versiggia",265,299,564
"Montescano",188,195,383
"Montesegale",152,152,304
"Monticelli Pavese",358,356,714
"Montã¹ Beccaria",835,877,1712
"Mornico Losana",361,352,713
"Mortara",7156,8046,15202
"Nicorvo",189,173,362
"Olevano Di Lomellina",388,392,780
"Oliva Gessi",83,91,174
"Ottobiano",560,616,1176
"Palestro",918,974,1892
"Pancarana",158,151,309
"Parona",983,980,1963
"Pavia",31476,36876,68352
"Pietra De' Giorgi",471,440,911
"Pieve Albignola",442,473,915
"Pieve Del Cairo",1016,1087,2103
"Pieve Porto Morone",1393,1390,2783
"Pinarolo Po",824,869,1693
"Pizzale",356,371,727
"Ponte Nizza",407,404,811
"Portalbera",764,789,1553
"Rea",190,241,431
"Redavalle",517,531,1048
"Retorbido",708,795,1503
"Rivanazzano Terme",2446,2764,5210
"Robbio",2927,3228,6155
"Robecco Pavese",284,279,563
"Rocca De' Giorgi",43,36,79
"Rocca Susella",110,120,230
"Rognano",316,297,613
"Romagnese",380,366,746
"Roncaro",707,691,1398
"Rosasco",328,302,630
"Rovescala",466,455,921
"Ruino",364,378,742
"San Cipriano Po",265,257,522
"San Damiano Al Colle",368,348,716
"San Genesio Ed Uniti",1857,1934,3791
"San Giorgio Di Lomellina",583,568,1151
"San Martino Siccomario",2696,3050,5746
"Sannazzaro De' Burgondi",2743,2883,5626
"Santa Cristina E Bissone",1031,987,2018
"Santa Giuletta",819,868,1687
"Sant'alessio Con Vialone",438,407,845
"Santa Margherita Di Staffora",257,259,516
"Santa Maria Della Versa",1181,1281,2462
"Sant'angelo Lomellina",434,426,860
"San Zenone Al Po",287,303,590
"Sartirana Lomellina",834,918,1752
"Scaldasole",468,489,957
"Semiana",126,124,250
"Silvano Pietra",338,343,681
"Siziano",2851,2988,5839
"Sommo",568,575,1143
"Spessa",294,306,600
"Stradella",5535,6120,11655
"Suardi",313,328,641
"Torrazza Coste",836,863,1699
"Torre Beretti E Castellaro",300,299,599
"Torre D'arese",504,474,978
"Torre De' Negri",175,174,349
"Torre D'isola",1174,1206,2380
"Torrevecchia Pia",1749,1686,3435
"Torricella Verzate",408,427,835
"Travacã² Siccomario",2128,2240,4368
"Trivolzio",1023,1028,2051
"Tromello",1847,1977,3824
"Trovo",521,501,1022
"Val Di Nizza",323,329,652
"Valeggio",129,105,234
"Valle Lomellina",1055,1095,2150
"Valle Salimbene",771,760,1531
"Valverde",148,152,300
"Varzi",1602,1805,3407
"Velezzo Lomellina",55,47,102
"Vellezzo Bellini",1529,1537,3066
"Verretto",201,187,388
"Verrua Po",643,681,1324
"Vidigulfo",2964,2973,5937
"Vigevano",28545,31457,60002
"Villa Biscossi",33,43,76
"Villanova D'ardenghi",381,382,763
"Villanterio",1545,1611,3156
"Vistarino",780,766,1546
"Voghera",17933,20087,38020
"Volpara",65,67,132
"Zavattarello",511,528,1039
"Zeccone",828,873,1701
"Zeme",560,516,1076
"Zenevredo",240,244,484
"Zerbo",198,247,445
"Zerbolã²",824,821,1645
"Zinasco",1573,1659,3232
"Acquanegra Cremonese",617,669,1286
"Agnadello",1898,1857,3755
"Annicco",1020,1052,2072
"Azzanello",350,360,710
"Bagnolo Cremasco",2421,2371,4792
"Bonemerse",733,742,1475
"Bordolano",312,313,625
"Ca' D'andrea",240,244,484
"Calvatone",640,628,1268
"Camisano",627,678,1305
"Campagnola Cremasca",331,347,678
"Capergnanica",1059,1051,2110
"Cappella Cantone",283,292,575
"Cappella De' Picenardi",213,222,435
"Capralba",1238,1212,2450
"Casalbuttano Ed Uniti",1941,2150,4091
"Casale Cremasco-Vidolasco",940,883,1823
"Casaletto Ceredano",594,591,1185
"Casaletto Di Sopra",286,266,552
"Casaletto Vaprio",859,900,1759
"Casalmaggiore",7411,7693,15104
"Casalmorano",815,866,1681
"Casteldidone",313,263,576
"Castel Gabbiano",238,228,466
"Castelleone",4666,4852,9518
"Castelverde",2813,2862,5675
"Castelvisconti",177,155,332
"Cella Dati",275,276,551
"Chieve",1115,1133,2248
"Cicognolo",463,496,959
"Cingia De' Botti",660,713,1373
"Corte De' Cortesi Con Cignone",570,565,1135
"Corte De' Frati",714,704,1418
"Credera Rubbiano",823,811,1634
"Crema",15789,17297,33086
"Cremona",32670,37005,69675
"Cremosano",810,784,1594
"Crotta D'adda",318,339,657
"Cumignano Sul Naviglio",230,218,448
"Derovere",151,158,309
"Dovera",1939,1919,3858
"Drizzona",272,278,550
"Fiesco",599,603,1202
"Formigara",558,544,1102
"Gabbioneta-Binanuova",447,444,891
"Gadesco-Pieve Delmona",1014,1010,2024
"Genivolta",587,594,1181
"Gerre De' Caprioli",644,624,1268
"Gombito",325,314,639
"Grontardo",739,724,1463
"Grumello Cremonese Ed Uniti",933,933,1866
"Gussola",1401,1467,2868
"Isola Dovarese",599,625,1224
"Izano",1039,1033,2072
"Madignano",1448,1476,2924
"Malagnino",751,775,1526
"Martignana Di Po",956,964,1920
"Monte Cremasco",1142,1202,2344
"Montodine",1311,1289,2600
"Moscazzano",418,402,820
"Motta Baluffi",488,497,985
"Offanengo",2889,2956,5845
"Olmeneta",464,501,965
"Ostiano",1493,1531,3024
"Paderno Ponchielli",689,782,1471
"Palazzo Pignano",1973,1882,3855
"Pandino",4372,4513,8885
"Persico Dosimo",1683,1707,3390
"Pescarolo Ed Uniti",808,813,1621
"Pessina Cremonese",345,320,665
"Piadena",1726,1842,3568
"Pianengo",1288,1273,2561
"Pieranica",567,576,1143
"Pieve D'olmi",627,682,1309
"Pieve San Giacomo",811,818,1629
"Pizzighettone",3232,3450,6682
"Pozzaglio Ed Uniti",759,711,1470
"Quintano",460,444,904
"Ricengo",912,851,1763
"Ripalta Arpina",523,534,1057
"Ripalta Cremasca",1705,1687,3392
"Ripalta Guerina",283,255,538
"Rivarolo Del Re Ed Uniti",1052,1013,2065
"Rivolta D'adda",3813,4083,7896
"Robecco D'oglio",1132,1293,2425
"Romanengo",1489,1533,3022
"Salvirola",578,586,1164
"San Bassano",1053,1153,2206
"San Daniele Po",702,718,1420
"San Giovanni In Croce",910,969,1879
"San Martino Del Lago",242,235,477
"Scandolara Ravara",711,752,1463
"Scandolara Ripa D'oglio",321,299,620
"Sergnano",1851,1774,3625
"Sesto Ed Uniti",1514,1603,3117
"Solarolo Rainerio",501,517,1018
"Soncino",3780,3895,7675
"Soresina",4349,4664,9013
"Sospiro",1641,1571,3212
"Spinadesco",784,791,1575
"Spineda",306,329,635
"Spino D'adda",3414,3421,6835
"Stagno Lombardo",788,790,1578
"Ticengo",219,232,451
"Torlino Vimercati",224,225,449
"Tornata",246,248,494
"Torre De' Picenardi",873,890,1763
"Torricella Del Pizzo",332,337,669
"Trescore Cremasco",1400,1463,2863
"Trigolo",868,898,1766
"Vaiano Cremasco",1946,1917,3863
"Vailate",2216,2228,4444
"Vescovato",1966,2021,3987
"Volongo",305,272,577
"Voltido",216,186,402
"Acquanegra Sul Chiese",1493,1487,2980
"Asola",4880,5229,10109
"Bagnolo San Vito",2858,3004,5862
"Bigarello",1034,1035,2069
"Borgoforte",1713,1761,3474
"Borgofranco Sul Po",374,415,789
"Bozzolo",2030,2147,4177
"Canneto Sull'oglio",2232,2280,4512
"Carbonara Di Po",671,663,1334
"Casalmoro",1110,1093,2203
"Casaloldo",1304,1308,2612
"Casalromano",763,779,1542
"Castelbelforte",1516,1554,3070
"Castel D'ario",2314,2444,4758
"Castel Goffredo",6061,6029,12090
"Castellucchio",2606,2625,5231
"Castiglione Delle Stiviere",10872,11210,22082
"Cavriana",1883,2020,3903
"Ceresara",1373,1343,2716
"Commessaggio",572,602,1174
"Curtatone",7054,7497,14551
"Dosolo",1671,1716,3387
"Felonica",706,756,1462
"Gazoldo Degli Ippoliti",1494,1477,2971
"Gazzuolo",1164,1230,2394
"Goito",5045,5236,10281
"Gonzaga",4546,4567,9113
"Guidizzolo",3005,3148,6153
"Magnacavallo",822,826,1648
"Mantova",21381,25166,46547
"Marcaria",3337,3543,6880
"Mariana Mantovana",347,384,731
"Marmirolo",3767,4013,7780
"Medole",1952,2090,4042
"Moglia",2889,3032,5921
"Monzambano",2427,2406,4833
"Motteggiana",1289,1231,2520
"Ostiglia",3336,3592,6928
"Pegognaga",3566,3675,7241
"Pieve Di Coriano",505,533,1038
"Piubega",883,887,1770
"Poggio Rusco",3191,3316,6507
"Pomponesco",867,894,1761
"Ponti Sul Mincio",1106,1170,2276
"Porto Mantovano",7772,8162,15934
"Quingentole",572,615,1187
"Quistello",2732,2977,5709
"Redondesco",658,673,1331
"Revere",1216,1316,2532
"Rivarolo Mantovano",1263,1344,2607
"Rodigo",2624,2743,5367
"Roncoferraro",3498,3704,7202
"Roverbella",4205,4303,8508
"Sabbioneta",2137,2179,4316
"San Benedetto Po",3827,3869,7696
"San Giacomo Delle Segnate",875,895,1770
"San Giorgio Di Mantova",4631,4790,9421
"San Giovanni Del Dosso",640,660,1300
"San Martino Dall'argine",881,945,1826
"Schivenoglia",606,631,1237
"Sermide",3043,3246,6289
"Serravalle A Po",768,806,1574
"Solferino",1233,1295,2528
"Sustinente",1050,1184,2234
"Suzzara",10080,10456,20536
"Viadana",9521,9677,19198
"Villa Poma",965,1081,2046
"Villimpenta",1053,1153,2206
"Virgilio",5311,5624,10935
"Volta Mantovana",3542,3734,7276
"Aldino",826,836,1662
"Andriano",528,509,1037
"Anterivo",197,184,381
"Appiano Sulla Strada Del Vino",6885,7109,13994
"Avelengo",362,375,737
"Badia",1647,1718,3365
"Barbiano",822,782,1604
"Bolzano",48693,53793,102486
"Braies",336,334,670
"Brennero",1072,1014,2086
"Bressanone",10005,10684,20689
"Bronzolo",1305,1326,2631
"Brunico",7624,7797,15421
"Caines",200,214,414
"Caldaro Sulla Strada Del Vino",3692,3976,7668
"Campo Di Trens",1387,1294,2681
"Campo Tures",2634,2642,5276
"Castelbello-Ciardes",1220,1165,2385
"Castelrotto",3233,3202,6435
"Cermes",696,721,1417
"Chienes",1360,1334,2694
"Chiusa",2573,2557,5130
"Cornedo All'isarco",1700,1618,3318
"Cortaccia Sulla Strada Del Vino",1104,1123,2227
"Cortina Sulla Strada Del Vino",324,330,654
"Corvara In Badia",659,652,1311
"Curon Venosta",1248,1179,2427
"Dobbiaco",1648,1666,3314
"Egna",2419,2551,4970
"Falzes",1342,1333,2675
"Fiã¨ Allo Sciliar",1698,1739,3437
"Fortezza",494,478,972
"Funes",1270,1304,2574
"Gais",1615,1557,3172
"Gargazzone",815,850,1665
"Glorenza",455,434,889
"Laces",2561,2585,5146
"Lagundo",2355,2512,4867
"Laion",1317,1314,2631
"Laives",8368,8554,16922
"Lana",5467,5777,11244
"Lasa",1964,1945,3909
"Lauregno",187,157,344
"Luson",750,779,1529
"Magrã¨ Sulla Strada Del Vino",627,660,1287
"Malles Venosta",2597,2489,5086
"Marebbe",1484,1418,2902
"Marlengo",1270,1270,2540
"Martello",474,404,878
"Meltina",858,797,1655
"Merano",17798,19630,37428
"Monguelfo-Tesido",1383,1415,2798
"Montagna",823,816,1639
"Moso In Passiria",1138,1020,2158
"Nalles",897,936,1833
"Naturno",2827,2737,5564
"Naz-Sciaves",1462,1430,2892
"Nova Levante",974,929,1903
"Nova Ponente",1956,1933,3889
"Ora",1719,1827,3546
"Ortisei",2281,2370,4651
"Parcines",1750,1801,3551
"Perca",732,733,1465
"Plaus",366,324,690
"Ponte Gardena",100,94,194
"Postal",861,902,1763
"Prato Allo Stelvio",1709,1650,3359
"Predoi",309,292,601
"Proves",150,117,267
"Racines",2259,2124,4383
"Rasun Anterselva",1464,1392,2856
"Renon",3812,3841,7653
"Rifiano",671,673,1344
"Rio Di Pusteria",1480,1426,2906
"Rodengo",608,580,1188
"Salorno",1756,1786,3542
"San Candido",1587,1622,3209
"San Genesio Atesino",1478,1472,2950
"San Leonardo In Passiria",1789,1731,3520
"San Lorenzo Di Sebato",1906,1871,3777
"San Martino In Badia",873,856,1729
"San Martino In Passiria",1571,1562,3133
"San Pancrazio",821,761,1582
"Santa Cristina Valgardena",951,927,1878
"Sarentino",3495,3401,6896
"Scena",1419,1414,2833
"Selva Dei Molini",780,687,1467
"Selva Di Val Gardena",1317,1341,2658
"Senales",664,636,1300
"Sesto",935,996,1931
"Silandro",2902,3064,5966
"Sluderno",915,909,1824
"Stelvio",598,582,1180
"Terento",893,837,1730
"Terlano",2029,2115,4144
"Termeno Sulla Strada Del Vino",1624,1673,3297
"Tesimo",914,954,1868
"Tires",475,496,971
"Tirolo",1225,1222,2447
"Trodena Nel Parco Naturale",485,531,1016
"Tubre",474,490,964
"Ultimo",1481,1432,2913
"Vadena",504,502,1006
"Valdaora",1553,1556,3109
"Val Di Vizze",1386,1377,2763
"Valle Aurina",2973,2931,5904
"Valle Di Casies",1146,1116,2262
"Vandoies",1640,1606,3246
"Varna",2088,2164,4252
"Verano",508,421,929
"Villabassa",717,757,1474
"Villandro",985,911,1896
"Vipiteno",3196,3199,6395
"Velturno",1379,1366,2745
"La Valle",676,617,1293
"Senale-San Felice",403,377,780
"Ala",4405,4487,8892
"Albiano",772,741,1513
"Aldeno",1497,1549,3046
"Amblar",112,117,229
"Andalo",510,514,1024
"Arco",8146,8704,16850
"Avio",2026,2095,4121
"Baselga Di Pinã¨",2427,2516,4943
"Bedollo",752,724,1476
"Bersone",145,140,285
"Besenello",1280,1237,2517
"Bieno",197,229,426
"Bleggio Superiore",781,822,1603
"Bocenago",200,205,405
"Bolbeno",188,174,362
"Bondo",347,348,695
"Bondone",337,332,669
"Borgo Valsugana",3311,3512,6823
"Bosentino",394,436,830
"Breguzzo",283,289,572
"Brentonico",1942,1958,3900
"Bresimo",123,129,252
"Brez",353,357,710
"Brione",71,70,141
"Caderzone Terme",349,320,669
"Cagnã²",179,180,359
"Calavino",757,721,1478
"Calceranica Al Lago",639,664,1303
"Caldes",558,529,1087
"Caldonazzo",1673,1682,3355
"Calliano",811,805,1616
"Campitello Di Fassa",354,379,733
"Campodenno",754,739,1493
"Canal San Bovo",758,828,1586
"Canazei",916,997,1913
"Capriana",303,301,604
"Carano",513,559,1072
"Carisolo",483,504,987
"Carzano",244,255,499
"Castel Condino",119,121,240
"Castelfondo",325,307,632
"Castello-Molina Di Fiemme",1152,1117,2269
"Castello Tesino",647,660,1307
"Castelnuovo",509,525,1034
"Cavalese",1926,2036,3962
"Cavareno",514,519,1033
"Cavedago",275,255,530
"Cavedine",1444,1467,2911
"Cavizzana",122,135,257
"Cembra",963,882,1845
"Centa San Nicolã²",296,322,618
"Cimego",204,202,406
"Cimone",341,349,690
"Cinte Tesino",175,199,374
"Cis",146,161,307
"Civezzano",1957,1987,3944
"Cles",3286,3479,6765
"Cloz",366,366,732
"Commezzadura",486,516,1002
"Condino",756,779,1535
"Coredo",800,826,1626
"Croviana",342,356,698
"Cunevo",291,291,582
"Daiano",366,331,697
"Dambel",225,209,434
"Daone",302,293,595
"Darã¨",123,131,254
"Denno",629,630,1259
"Dimaro",601,640,1241
"Don",124,124,248
"Dorsino",203,222,425
"Drena",266,285,551
"Dro",2270,2309,4579
"Faedo",306,305,611
"Fai Della Paganella",430,470,900
"Faver",422,414,836
"Fiavã¨",544,550,1094
"Fiera Di Primiero",239,268,507
"Fierozzo",251,226,477
"Flavon",229,274,503
"Folgaria",1513,1624,3137
"Fondo",684,754,1438
"Fornace",681,646,1327
"Frassilongo",161,159,320
"Garniga Terme",208,173,381
"Giovo",1242,1228,2470
"Giustino",361,375,736
"Grauno",74,71,145
"Grigno",1124,1160,2284
"Grumes",203,233,436
"Imer",608,578,1186
"Isera",1287,1347,2634
"Ivano-Fracena",189,168,357
"Lardaro",110,95,205
"Lasino",647,653,1300
"Lavarone",518,560,1078
"Lavis",4286,4351,8637
"Levico Terme",3651,3873,7524
"Lisignago",238,240,478
"Livo",456,431,887
"Lona-Lases",442,435,877
"Luserna",129,147,276
"Malã¨",1021,1101,2122
"Malosco",230,219,449
"Massimeno",63,60,123
"Mazzin",250,260,510
"Mezzana",446,430,876
"Mezzano",790,822,1612
"Mezzocorona",2516,2663,5179
"Mezzolombardo",3345,3509,6854
"Moena",1324,1358,2682
"Molveno",537,575,1112
"Monclassico",430,452,882
"Montagne",108,142,250
"Mori",4636,4836,9472
"Nago-Torbole",1340,1396,2736
"Nanno",301,308,609
"Nave San Rocco",685,715,1400
"Nogaredo",982,925,1907
"Nomi",660,729,1389
"Novaledo",486,535,1021
"Ospedaletto",409,409,818
"Ossana",404,444,848
"Padergnone",367,365,732
"Palã¹ Del Fersina",87,81,168
"Panchiã ",370,394,764
"Ronzo-Chienis",518,478,996
"Peio",975,911,1886
"Pellizzano",398,411,809
"Pelugo",176,201,377
"Pergine Valsugana",9972,10498,20470
"Pieve Di Bono",664,674,1338
"Pieve Tesino",326,350,676
"Pinzolo",1510,1598,3108
"Pomarolo",1207,1159,2366
"Pozza Di Fassa",1042,1093,2135
"Praso",169,162,331
"Predazzo",2206,2326,4532
"Preore",195,200,395
"Prezzo",106,106,212
"Rabbi",722,668,1390
"Ragoli",376,383,759
"Revã²",624,637,1261
"Riva Del Garda",7595,8196,15791
"Romallo",302,303,605
"Romeno",683,686,1369
"Roncegno Terme",1366,1448,2814
"Ronchi Valsugana",206,210,416
"Roncone",724,722,1446
"Ronzone",196,195,391
"Roverã¨ Della Luna",771,798,1569
"Rovereto",17879,19871,37750
"Ruffrã¨-Mendola",201,214,415
"Rumo",416,403,819
"Sagron Mis",90,93,183
"Samone",272,270,542
"San Lorenzo In Banale",594,595,1189
"San Michele All'adige",1436,1466,2902
"Sant'orsola Terme",550,525,1075
"Sanzeno",466,462,928
"Sarnonico",374,376,750
"Scurelle",690,712,1402
"Segonzano",751,777,1528
"Sfruz",166,164,330
"Siror",626,651,1277
"Smarano",261,243,504
"Soraga",385,354,739
"Sover",433,447,880
"Spera",281,304,585
"Spiazzo",606,697,1303
"Spormaggiore",658,597,1255
"Sporminore",358,356,714
"Stenico",581,556,1137
"Storo",2271,2385,4656
"Strembo",258,274,532
"Strigno",686,773,1459
"Taio",1484,1488,2972
"Tassullo",928,989,1917
"Telve",940,1046,1986
"Telve Di Sopra",308,305,613
"Tenna",455,501,956
"Tenno",965,1011,1976
"Terlago",948,945,1893
"Terragnolo",385,369,754
"Terres",147,159,306
"Terzolas",288,324,612
"Tesero",1406,1457,2863
"Tione Di Trento",1746,1872,3618
"Ton",699,616,1315
"Tonadico",713,765,1478
"Torcegno",340,360,700
"Trambileno",673,688,1361
"Transacqua",1056,1098,2154
"Trento",54263,59800,114063
"Tres",345,373,718
"Tuenno",1182,1205,2387
"Valda",102,125,227
"Valfloriana",259,266,525
"Vallarsa",694,640,1334
"Varena",422,426,848
"Vattaro",592,572,1164
"Vermiglio",907,959,1866
"Vervã²",351,363,714
"Vezzano",1083,1100,2183
"Vignola-Falesina",89,77,166
"Vigo Di Fassa",619,600,1219
"Vigolo Vattaro",1103,1082,2185
"Vigo Rendena",240,263,503
"Villa Agnedo",504,490,994
"Villa Lagarina",1844,1869,3713
"Villa Rendena",503,496,999
"Volano",1554,1564,3118
"Zambana",830,790,1620
"Ziano Di Fiemme",819,860,1679
"Zuclo",173,170,343
"Comano Terme",1440,1476,2916
"Ledro",2654,2793,5447
"Affi",1126,1168,2294
"Albaredo D'adige",2607,2653,5260
"Angiari",1048,1125,2173
"Arcole",3022,3127,6149
"Badia Calavena",1378,1286,2664
"Bardolino",3244,3454,6698
"Belfiore",1506,1509,3015
"Bevilacqua",897,866,1763
"Bonavigo",1022,988,2010
"Boschi Sant'anna",715,748,1463
"Bosco Chiesanuova",1831,1712,3543
"Bovolone",7820,7978,15798
"Brentino Belluno",706,699,1405
"Brenzone",1138,1355,2493
"Bussolengo",9562,9959,19521
"Buttapietra",3461,3411,6872
"Caldiero",3725,3699,7424
"Caprino Veronese",3895,4154,8049
"Casaleone",2946,2973,5919
"Castagnaro",1934,1996,3930
"Castel D'azzano",5771,5929,11700
"Castelnuovo Del Garda",6051,6190,12241
"Cavaion Veronese",2673,2831,5504
"Cazzano Di Tramigna",773,780,1553
"Cerea",7957,8283,16240
"Cerro Veronese",1212,1214,2426
"Cologna Veneta",4222,4367,8589
"Colognola Ai Colli",4070,4089,8159
"Concamarise",562,520,1082
"Costermano",1797,1805,3602
"Dolcã¨",1315,1250,2565
"Erbã¨",914,928,1842
"Erbezzo",395,369,764
"Ferrara Di Monte Baldo",112,107,219
"Fumane",2101,2050,4151
"Garda",1944,2034,3978
"Gazzo Veronese",2678,2784,5462
"Grezzana",5419,5408,10827
"Illasi",2677,2642,5319
"Isola Della Scala",5638,5792,11430
"Isola Rizza",1648,1616,3264
"Lavagno",4077,4050,8127
"Lazise",3285,3416,6701
"Legnago",12002,12926,24928
"Malcesine",1773,1893,3666
"Marano Di Valpolicella",1535,1555,3090
"Mezzane Di Sotto",1160,1292,2452
"Minerbe",2270,2406,4676
"Montecchia Di Crosara",2308,2134,4442
"Monteforte D'alpone",4212,4185,8397
"Mozzecane",3593,3458,7051
"Negrar",8414,8536,16950
"Nogara",4186,4403,8589
"Nogarole Rocca",1791,1670,3461
"Oppeano",4730,4728,9458
"Palã¹",643,636,1279
"Pastrengo",1432,1465,2897
"Pescantina",8094,8227,16321
"Peschiera Del Garda",4394,4968,9362
"Povegliano Veronese",3464,3597,7061
"Pressana",1302,1247,2549
"Rivoli Veronese",1060,1082,2142
"Roncã ",1886,1867,3753
"Ronco All'adige",3123,3047,6170
"Roverchiara",1402,1342,2744
"Roveredo Di Guã ",744,805,1549
"Roverã¨ Veronese",1089,1037,2126
"Salizzole",1911,1843,3754
"San Bonifacio",10062,10251,20313
"San Giovanni Ilarione",2624,2489,5113
"San Giovanni Lupatoto",11695,12406,24101
"Sanguinetto",2020,2106,4126
"San Martino Buon Albergo",7035,7244,14279
"San Mauro Di Saline",287,266,553
"San Pietro Di Morubio",1511,1524,3035
"San Pietro In Cariano",6255,6681,12936
"Sant'ambrogio Di Valpolicella",5596,5814,11410
"Sant'anna D'alfaedo",1302,1251,2553
"San Zeno Di Montagna",703,664,1367
"Selva Di Progno",490,437,927
"Soave",3349,3570,6919
"Sommacampagna",7293,7325,14618
"Sona",8441,8581,17022
"Sorgã ",1553,1563,3116
"Terrazzo",1119,1164,2283
"Torri Del Benaco",1372,1454,2826
"Tregnago",2426,2491,4917
"Trevenzuolo",1357,1368,2725
"Valeggio Sul Mincio",7150,7189,14339
"Velo Veronese",415,361,776
"Verona",118446,133396,251842
"Veronella",2340,2348,4688
"Vestenanova",1346,1268,2614
"Vigasio",4767,4690,9457
"Villa Bartolomea",2852,2973,5825
"Villafranca Di Verona",16098,16628,32726
"Zevio",7186,7335,14521
"Zimella",2431,2404,4835
"Agugliaro",736,677,1413
"Albettone",1036,1019,2055
"Alonte",836,814,1650
"Altavilla Vicentina",5803,5939,11742
"Altissimo",1165,1101,2266
"Arcugnano",3932,3954,7886
"Arsiero",1637,1656,3293
"Arzignano",12793,12752,25545
"Asiago",3038,3359,6397
"Asigliano Veneto",443,435,878
"Barbarano Vicentino",2231,2353,4584
"Bassano Del Grappa",20418,22453,42871
"Bolzano Vicentino",3268,3259,6527
"Breganze",4215,4498,8713
"Brendola",3343,3395,6738
"Bressanvido",1562,1542,3104
"Brogliano",1973,1937,3910
"Caldogno",5443,5790,11233
"Caltrano",1273,1350,2623
"Calvene",656,668,1324
"Camisano Vicentino",5248,5373,10621
"Campiglia Dei Berici",888,907,1795
"Campolongo Sul Brenta",421,414,835
"Carrã¨",1800,1825,3625
"Cartigliano",1857,1944,3801
"Cassola",6897,7201,14098
"Castegnero",1437,1438,2875
"Castelgomberto",3086,3025,6111
"Chiampo",6614,6251,12865
"Chiuppano",1294,1327,2621
"Cismon Del Grappa",472,486,958
"Cogollo Del Cengio",1667,1717,3384
"Conco",1106,1100,2206
"Cornedo Vicentino",5983,5956,11939
"Costabissara",3553,3609,7162
"Creazzo",5381,5634,11015
"Crespadoro",760,693,1453
"Dueville",6780,7109,13889
"Enego",899,912,1811
"Fara Vicentino",1932,1986,3918
"Foza",371,347,718
"Gallio",1162,1238,2400
"Gambellara",1679,1652,3331
"Gambugliano",448,402,850
"Grancona",973,921,1894
"Grisignano Di Zocco",2140,2135,4275
"Grumolo Delle Abbadesse",1910,1838,3748
"Isola Vicentina",4749,4888,9637
"Laghi",62,61,123
"Lastebasse",107,121,228
"Longare",2822,2835,5657
"Lonigo",7754,7847,15601
"Lugo Di Vicenza",1859,1866,3725
"Lusiana",1363,1373,2736
"Malo",7330,7385,14715
"Marano Vicentino",4853,4814,9667
"Marostica",6773,7008,13781
"Mason Vicentino",1688,1820,3508
"Molvena",1273,1317,2590
"Montebello Vicentino",3266,3282,6548
"Montecchio Maggiore",11689,11617,23306
"Montecchio Precalcino",2481,2489,4970
"Monte Di Malo",1459,1430,2889
"Montegalda",1674,1689,3363
"Montegaldella",905,875,1780
"Monteviale",1325,1277,2602
"Monticello Conte Otto",4539,4606,9145
"Montorso Vicentino",1628,1562,3190
"Mossano",837,926,1763
"Mussolente",3864,3780,7644
"Nanto",1588,1504,3092
"Nogarole Vicentino",596,545,1141
"Nove",2494,2580,5074
"Noventa Vicentina",4351,4461,8812
"Orgiano",1575,1583,3158
"Pedemonte",360,407,767
"Pianezze",1020,1045,2065
"Piovene Rocchette",4068,4213,8281
"Pojana Maggiore",2236,2216,4452
"Posina",280,296,576
"Pove Del Grappa",1511,1578,3089
"Pozzoleone",1433,1356,2789
"Quinto Vicentino",2823,2866,5689
"Recoaro Terme",3300,3434,6734
"Roana",2151,2159,4310
"Romano D'ezzelino",7212,7287,14499
"Rosã ",6922,7169,14091
"Rossano Veneto",3934,3982,7916
"Rotzo",310,330,640
"Salcedo",525,512,1037
"Sandrigo",4129,4259,8388
"San Germano Dei Berici",582,577,1159
"San Nazario",903,841,1744
"San Pietro Mussolino",831,785,1616
"Santorso",2853,2891,5744
"San Vito Di Leguzzano",1751,1815,3566
"Sarcedo",2597,2715,5312
"Sarego",3338,3308,6646
"Schiavon",1292,1313,2605
"Schio",18903,20226,39129
"Solagna",918,972,1890
"Sossano",2225,2168,4393
"Sovizzo",3505,3577,7082
"Tezze Sul Brenta",6313,6291,12604
"Thiene",11241,12000,23241
"Tonezza Del Cimone",288,285,573
"Torrebelvicino",2961,3073,6034
"Torri Di Quartesolo",5800,5905,11705
"Trissino",4359,4276,8635
"Valdagno",12696,13861,26557
"Valdastico",657,725,1382
"Valli Del Pasubio",1684,1637,3321
"Valstagna",912,934,1846
"Velo D'astico",1175,1219,2394
"Vicenza",52483,58739,111222
"Villaga",976,986,1962
"Villaverla",3083,3075,6158
"Zanã¨",3238,3386,6624
"Zermeghedo",690,677,1367
"Zovencedo",425,381,806
"Zugliano",3264,3433,6697
"Agordo",2020,2236,4256
"Alano Di Piave",1438,1479,2917
"Alleghe",616,713,1329
"Arsiã¨",1193,1269,2462
"Auronzo Di Cadore",1645,1799,3444
"Belluno",16727,18782,35509
"Borca Di Cadore",396,421,817
"Calalzo Di Cadore",1031,1142,2173
"Castellavazzo",775,828,1603
"Cencenighe Agordino",666,734,1400
"Cesiomaggiore",2049,2086,4135
"Chies D'alpago",697,723,1420
"Cibiana Di Cadore",199,224,423
"Colle Santa Lucia",203,188,391
"Comelico Superiore",1131,1199,2330
"Cortina D'ampezzo",2715,3161,5876
"Danta Di Cadore",259,256,515
"Domegge Di Cadore",1251,1321,2572
"Falcade",970,1079,2049
"Farra D'alpago",1347,1364,2711
"Feltre",9779,10728,20507
"Fonzaso",1616,1687,3303
"Canale D'agordo",557,607,1164
"Forno Di Zoldo",1206,1257,2463
"Gosaldo",357,368,725
"Lamon",1480,1549,3029
"La Valle Agordina",557,592,1149
"Lentiai",1463,1516,2979
"Limana",2460,2597,5057
"Livinallongo Del Col Di Lana",657,721,1378
"Longarone",1898,2045,3943
"Lorenzago Di Cadore",279,290,569
"Lozzo Di Cadore",710,793,1503
"Mel",3021,3150,6171
"Ospitale Di Cadore",160,164,324
"Pedavena",2182,2250,4432
"Perarolo Di Cadore",188,192,380
"Pieve D'alpago",924,985,1909
"Pieve Di Cadore",1887,2058,3945
"Ponte Nelle Alpi",4099,4266,8365
"Puos D'alpago",1256,1296,2552
"Quero",1247,1266,2513
"Rivamonte Agordino",342,322,664
"Rocca Pietore",649,680,1329
"San Gregorio Nelle Alpi",784,819,1603
"San Nicolã² Di Comelico",198,201,399
"San Pietro Di Cadore",830,856,1686
"Santa Giustina",3259,3506,6765
"San Tomaso Agordino",334,348,682
"Santo Stefano Di Cadore",1285,1371,2656
"San Vito Di Cadore",850,966,1816
"Sappada",641,665,1306
"Sedico",4807,5116,9923
"Selva Di Cadore",247,271,518
"Seren Del Grappa",1281,1271,2552
"Sospirolo",1569,1634,3203
"Soverzene",205,211,416
"Sovramonte",724,783,1507
"Taibon Agordino",872,924,1796
"Tambre",715,731,1446
"Trichiana",2319,2529,4848
"Vallada Agordina",239,268,507
"Valle Di Cadore",964,1081,2045
"Vas",407,412,819
"Vigo Di Cadore",695,801,1496
"Vodo Cadore",440,457,897
"Voltago Agordino",433,459,892
"Zoldo Alto",495,499,994
"Zoppã¨ Di Cadore",133,130,263
"Altivole",3338,3392,6730
"Arcade",2175,2188,4363
"Asolo",4427,4504,8931
"Borso Del Grappa",2948,2975,5923
"Breda Di Piave",3886,3875,7761
"Caerano Di San Marco",3899,4051,7950
"Cappella Maggiore",2313,2384,4697
"Carbonera",5437,5643,11080
"Casale Sul Sile",6265,6464,12729
"Casier",5442,5574,11016
"Castelcucco",1120,1054,2174
"Castelfranco Veneto",15919,16902,32821
"Castello Di Godego",3502,3506,7008
"Cavaso Del Tomba",1492,1518,3010
"Cessalto",1898,1945,3843
"Chiarano",1841,1848,3689
"Cimadolmo",1692,1719,3411
"Cison Di Valmarino",1319,1395,2714
"Codognã¨",2701,2612,5313
"Colle Umberto",2560,2604,5164
"Conegliano",16181,18068,34249
"Cordignano",3469,3623,7092
"Cornuda",3022,3189,6211
"Crespano Del Grappa",2232,2464,4696
"Crocetta Del Montello",2929,3089,6018
"Farra Di Soligo",4359,4608,8967
"Follina",1933,1988,3921
"Fontanelle",2910,2898,5808
"Fonte",3011,3008,6019
"Fregona",1550,1611,3161
"Gaiarine",2997,3129,6126
"Giavera Del Montello",2539,2597,5136
"Godega Di Sant'urbano",3017,3097,6114
"Gorgo Al Monticano",2107,2096,4203
"Istrana",4641,4395,9036
"Loria",4653,4434,9087
"Mansuã¨",2550,2436,4986
"Mareno Di Piave",4828,4838,9666
"Maser",2443,2521,4964
"Maserada Sul Piave",4598,4669,9267
"Meduna Di Livenza",1442,1511,2953
"Miane",1671,1757,3428
"Mogliano Veneto",13407,14120,27527
"Monastier Di Treviso",2021,2072,4093
"Monfumo",715,724,1439
"Montebelluna",15011,15769,30780
"Morgano",2214,2162,4376
"Moriago Della Battaglia",1394,1382,2776
"Motta Di Livenza",5167,5495,10662
"Nervesa Della Battaglia",3389,3452,6841
"Oderzo",9578,10441,20019
"Ormelle",2180,2262,4442
"Orsago",1939,1981,3920
"Paderno Del Grappa",1095,1082,2177
"Paese",10592,10846,21438
"Pederobba",3730,3832,7562
"Pieve Di Soligo",5941,6095,12036
"Ponte Di Piave",4242,4078,8320
"Ponzano Veneto",5952,6229,12181
"Portobuffolã¨",395,393,788
"Possagno",1108,1090,2198
"Povegliano",2551,2489,5040
"Preganziol",8233,8519,16752
"Quinto Di Treviso",4766,4930,9696
"Refrontolo",902,912,1814
"Resana",4711,4614,9325
"Revine Lago",1092,1142,2234
"Riese Pio X",5451,5438,10889
"Roncade",6927,7084,14011
"Salgareda",3312,3312,6624
"San Biagio Di Callalta",6473,6518,12991
"San Fior",3365,3439,6804
"San Pietro Di Feletto",2557,2778,5335
"San Polo Di Piave",2493,2427,4920
"Santa Lucia Di Piave",4503,4589,9092
"San Vendemiano",4963,5094,10057
"San Zenone Degli Ezzelini",3807,3590,7397
"Sarmede",1559,1599,3158
"Segusino",968,973,1941
"Sernaglia Della Battaglia",3153,3197,6350
"Silea",4772,5147,9919
"Spresiano",5690,5976,11666
"Susegana",5753,5946,11699
"Tarzo",2197,2380,4577
"Trevignano",5279,5288,10567
"Treviso",37769,43257,81026
"Valdobbiadene",5152,5548,10700
"Vazzola",3482,3530,7012
"Vedelago",8240,8153,16393
"Vidor",1861,1914,3775
"Villorba",8721,9123,17844
"Vittorio Veneto",13563,15039,28602
"Volpago Del Montello",4967,5093,10060
"Zenson Di Piave",865,914,1779
"Zero Branco",5476,5516,10992
"Annone Veneto",2005,1979,3984
"Campagna Lupia",3406,3530,6936
"Campolongo Maggiore",5100,5232,10332
"Camponogara",6364,6576,12940
"Caorle",5710,6072,11782
"Cavarzere",7164,7582,14746
"Ceggia",3062,3160,6222
"Chioggia",24583,25156,49739
"Cinto Caomaggiore",1636,1640,3276
"Cona",1557,1619,3176
"Concordia Sagittaria",5166,5465,10631
"Dolo",7281,7706,14987
"Eraclea",6294,6366,12660
"Fiesso D'artico",3809,3924,7733
"Fossalta Di Piave",2059,2157,4216
"Fossalta Di Portogruaro",2899,3185,6084
"Fossã²",3313,3489,6802
"Gruaro",1372,1436,2808
"Jesolo",11666,12753,24419
"Marcon",8116,8151,16267
"Martellago",10334,10811,21145
"Meolo",3258,3212,6470
"Mira",18804,19757,38561
"Mirano",12707,13674,26381
"Musile Di Piave",5733,5807,11540
"Noale",7612,8068,15680
"Noventa Di Piave",3340,3516,6856
"Pianiga",5982,6013,11995
"Portogruaro",11971,13091,25062
"Pramaggiore",2325,2310,4635
"Quarto D'altino",3970,4201,8171
"Salzano",6261,6441,12702
"San Donã  Di Piave",19430,21193,40623
"San Michele Al Tagliamento",5753,6245,11998
"Santa Maria Di Sala",8668,8650,17318
"Santo Stino Di Livenza",6399,6652,13051
"Scorzã¨",9331,9572,18903
"Spinea",12869,14008,26877
"Stra",3648,3911,7559
"Teglio Veneto",1152,1163,2315
"Torre Di Mosto",2345,2387,4732
"Venezia",122389,138467,260856
"Vigonovo",4902,5016,9918
"Cavallino-Treporti",6443,6744,13187
"Abano Terme",9114,10194,19308
"Agna",1704,1700,3404
"Albignasego",11374,12193,23567
"Anguillara Veneta",2219,2359,4578
"Arquã  Petrarca",928,914,1842
"Arre",1089,1102,2191
"Arzergrande",2300,2379,4679
"Bagnoli Di Sopra",1764,1856,3620
"Baone",1568,1546,3114
"Barbona",366,366,732
"Battaglia Terme",1863,2074,3937
"Boara Pisani",1286,1309,2595
"Borgoricco",4237,4216,8453
"Bovolenta",1684,1674,3358
"Brugine",3365,3435,6800
"Cadoneghe",7685,8259,15944
"Campodarsego",7000,7186,14186
"Campodoro",1386,1334,2720
"Camposampiero",5957,6077,12034
"Campo San Martino",2880,2854,5734
"Candiana",1234,1236,2470
"Carceri",796,813,1609
"Carmignano Di Brenta",3751,3797,7548
"Cartura",2294,2336,4630
"Casale Di Scodosia",2401,2470,4871
"Casalserugo",2651,2787,5438
"Castelbaldo",772,855,1627
"Cervarese Santa Croce",2849,2849,5698
"Cinto Euganeo",1007,1009,2016
"Cittadella",9682,10216,19898
"Codevigo",3270,3204,6474
"Conselve",4997,5279,10276
"Correzzola",2713,2770,5483
"Curtarolo",3580,3623,7203
"Este",7822,8746,16568
"Fontaniva",4088,4107,8195
"Galliera Veneta",3422,3605,7027
"Galzignano Terme",2193,2218,4411
"Gazzo",2177,2104,4281
"Grantorto",2340,2312,4652
"Granze",985,1041,2026
"Legnaro",4287,4284,8571
"Limena",3822,3885,7707
"Loreggia",3689,3620,7309
"Lozzo Atestino",1591,1584,3175
"Maserã  Di Padova",4491,4550,9041
"Masi",857,920,1777
"Massanzago",2984,2923,5907
"Megliadino San Fidenzio",946,1013,1959
"Megliadino San Vitale",959,1022,1981
"Merlara",1378,1446,2824
"Mestrino",5337,5632,10969
"Monselice",8298,9110,17408
"Montagnana",4530,4852,9382
"Montegrotto Terme",5304,5769,11073
"Noventa Padovana",5336,5534,10870
"Ospedaletto Euganeo",2914,2950,5864
"Padova",95982,109649,205631
"Pernumia",1928,1978,3906
"Piacenza D'adige",684,690,1374
"Piazzola Sul Brenta",5444,5672,11116
"Piombino Dese",4655,4644,9299
"Piove Di Sacco",9214,9902,19116
"Polverara",1544,1556,3100
"Ponso",1239,1201,2440
"Pontelongo",1917,1988,3905
"Ponte San Nicolã²",6454,6793,13247
"Pozzonovo",1772,1858,3630
"Rovolon",2399,2399,4798
"Rubano",7581,8110,15691
"Saccolongo",2427,2504,4931
"Saletto",1341,1392,2733
"San Giorgio Delle Pertiche",5014,4978,9992
"San Giorgio In Bosco",3110,3133,6243
"San Martino Di Lupari",6454,6593,13047
"San Pietro In Gu",2242,2323,4565
"San Pietro Viminario",1512,1494,3006
"Santa Giustina In Colle",3557,3590,7147
"Santa Margherita D'adige",1104,1190,2294
"Sant'angelo Di Piove Di Sacco",3572,3646,7218
"Sant'elena",1183,1239,2422
"Sant'urbano",1053,1111,2164
"Saonara",4970,5099,10069
"Selvazzano Dentro",10670,11422,22092
"Solesino",3516,3638,7154
"Stanghella",2126,2195,4321
"Teolo",4322,4546,8868
"Terrassa Padovana",1332,1287,2619
"Tombolo",4096,4159,8255
"Torreglia",3084,3140,6224
"Trebaseleghe",6285,6314,12599
"Tribano",2203,2223,4426
"Urbana",1079,1106,2185
"Veggiano",2305,2260,4565
"Vescovana",865,864,1729
"Vighizzolo D'este",474,466,940
"Vigodarzere",6299,6557,12856
"Vigonza",10770,11247,22017
"Villa Del Conte",2774,2734,5508
"Villa Estense",1159,1165,2324
"Villafranca Padovana",4817,4995,9812
"Villanova Di Camposampiero",2930,3028,5958
"Vo'",1676,1735,3411
"Due Carrare",4477,4457,8934
"Adria",9645,10553,20198
"Ariano Nel Polesine",2222,2319,4541
"Arquã  Polesine",1370,1438,2808
"Badia Polesine",5115,5444,10559
"Bagnolo Di Po",687,690,1377
"Bergantino",1268,1353,2621
"Bosaro",725,788,1513
"Calto",394,427,821
"Canaro",1358,1491,2849
"Canda",507,507,1014
"Castelguglielmo",821,817,1638
"Castelmassa",2043,2242,4285
"Castelnovo Bariano",1426,1486,2912
"Ceneselli",900,911,1811
"Ceregnano",1779,1910,3689
"Corbola",1203,1305,2508
"Costa Di Rovigo",1285,1391,2676
"Crespino",931,1034,1965
"Ficarolo",1273,1327,2600
"Fiesso Umbertiano",2082,2187,4269
"Frassinelle Polesine",758,768,1526
"Fratta Polesine",1262,1509,2771
"Gaiba",513,580,1093
"Gavello",798,799,1597
"Giacciano Con Baruchella",1082,1106,2188
"Guarda Veneta",582,600,1182
"Lendinara",5756,6222,11978
"Loreo",1741,1828,3569
"Lusia",1751,1835,3586
"Melara",900,967,1867
"Occhiobello",5594,5802,11396
"Papozze",768,869,1637
"Pettorazza Grimani",843,815,1658
"Pincara",628,646,1274
"Polesella",1998,2066,4064
"Pontecchio Polesine",1047,1038,2085
"Porto Tolle",4977,5059,10036
"Rosolina",3244,3256,6500
"Rovigo",23735,26401,50136
"Salara",569,635,1204
"San Bellino",581,570,1151
"San Martino Di Venezze",1991,2060,4051
"Stienta",1628,1705,3333
"Taglio Di Po",4190,4296,8486
"Trecenta",1410,1552,2962
"Villadose",2554,2616,5170
"Villamarzana",598,606,1204
"Villanova Del Ghebbo",1075,1086,2161
"Villanova Marchesana",500,503,1003
"Porto Viro",7107,7538,14645
"Aiello Del Friuli",1104,1167,2271
"Amaro",387,453,840
"Ampezzo",504,520,1024
"Aquileia",1673,1763,3436
"Arta Terme",1105,1136,2241
"Artegna",1399,1463,2862
"Attimis",908,951,1859
"Bagnaria Arsa",1730,1845,3575
"Basiliano",2647,2715,5362
"Bertiolo",1252,1327,2579
"Bicinicco",944,978,1922
"Bordano",383,412,795
"Buja",3177,3441,6618
"Buttrio",1985,2044,4029
"Camino Al Tagliamento",813,833,1646
"Campoformido",3729,3966,7695
"Carlino",1360,1430,2790
"Cassacco",1423,1499,2922
"Castions Di Strada",1900,1960,3860
"Cavazzo Carnico",519,579,1098
"Cercivento",350,344,694
"Cervignano Del Friuli",6493,6912,13405
"Chiopris-Viscone",300,318,618
"Chiusaforte",357,343,700
"Cividale Del Friuli",5396,6034,11430
"Codroipo",7823,7977,15800
"Colloredo Di Monte Albano",1098,1132,2230
"Comeglians",283,251,534
"Corno Di Rosazzo",1629,1641,3270
"Coseano",1102,1160,2262
"Dignano",1149,1246,2395
"Dogna",101,89,190
"Drenchia",59,75,134
"Enemonzo",659,690,1349
"Faedis",1480,1531,3011
"Fagagna",3045,3221,6266
"Fiumicello",2488,2533,5021
"Flaibano",588,610,1198
"Forni Avoltri",321,317,638
"Forni Di Sopra",508,520,1028
"Forni Di Sotto",298,311,609
"Gemona Del Friuli",5325,5811,11136
"Gonars",2366,2423,4789
"Grimacco",178,192,370
"Latisana",6536,7101,13637
"Lauco",393,383,776
"Lestizza",1907,1965,3872
"Lignano Sabbiadoro",3133,3294,6427
"Ligosullo",70,70,140
"Lusevera",346,355,701
"Magnano In Riviera",1159,1194,2353
"Majano",2924,3124,6048
"Malborghetto Valbruna",474,488,962
"Manzano",3152,3417,6569
"Marano Lagunare",982,972,1954
"Martignacco",3292,3521,6813
"Mereto Di Tomba",1339,1356,2695
"Moggio Udinese",874,922,1796
"Moimacco",813,820,1633
"Montenars",275,281,556
"Mortegliano",2429,2621,5050
"Moruzzo",1169,1232,2401
"Muzzana Del Turgnano",1289,1359,2648
"Nimis",1361,1411,2772
"Osoppo",1474,1517,2991
"Ovaro",988,1013,2001
"Pagnacco",2477,2551,5028
"Palazzolo Dello Stella",1477,1551,3028
"Palmanova",2606,2777,5383
"Paluzza",1134,1224,2358
"Pasian Di Prato",4502,4878,9380
"Paularo",1317,1407,2724
"Pavia Di Udine",2823,2870,5693
"Pocenia",1295,1300,2595
"Pontebba",722,775,1497
"Porpetto",1316,1334,2650
"Povoletto",2707,2853,5560
"Pozzuolo Del Friuli",3329,3541,6870
"Pradamano",1684,1842,3526
"Prato Carnico",462,462,924
"Precenicco",709,774,1483
"Premariacco",2088,2101,4189
"Preone",125,138,263
"Prepotto",417,390,807
"Pulfero",511,520,1031
"Ragogna",1481,1541,3022
"Ravascletto",283,281,564
"Raveo",239,268,507
"Reana Del Rojale",2420,2607,5027
"Remanzacco",2989,3074,6063
"Resia",558,525,1083
"Resiutta",151,162,313
"Rigolato",253,245,498
"Rive D'arcano",1208,1262,2470
"Rivignano",2179,2257,4436
"Ronchis",996,1058,2054
"Ruda",1472,1524,2996
"San Daniele Del Friuli",3863,4194,8057
"San Giorgio Di Nogaro",3769,3901,7670
"San Giovanni Al Natisone",3062,3053,6115
"San Leonardo",594,562,1156
"San Pietro Al Natisone",1082,1137,2219
"Santa Maria La Longa",1153,1250,2403
"San Vito Al Torre",654,669,1323
"San Vito Di Fagagna",823,856,1679
"Sauris",201,220,421
"Savogna",251,226,477
"Sedegliano",1974,1959,3933
"Socchieve",452,496,948
"Stregna",209,194,403
"Sutrio",676,691,1367
"Taipana",356,322,678
"Talmassons",2025,2119,4144
"Tarcento",4321,4780,9101
"Tarvisio",2345,2221,4566
"Tavagnacco",6802,7483,14285
"Teor",979,970,1949
"Terzo D'aquileia",1406,1473,2879
"Tolmezzo",5081,5475,10556
"Torreano",1078,1130,2208
"Torviscosa",1478,1489,2967
"Trasaghis",1141,1147,2288
"Treppo Carnico",322,315,637
"Treppo Grande",832,908,1740
"Tricesimo",3624,3992,7616
"Trivignano Udinese",840,852,1692
"Udine",45441,52733,98174
"Varmo",1424,1411,2835
"Venzone",1131,1105,2236
"Verzegnis",447,451,898
"Villa Santina",1034,1180,2214
"Villa Vicentina",698,686,1384
"Visco",373,398,771
"Zuglio",300,303,603
"Forgaria Nel Friuli",892,932,1824
"Campolongo Tapogliano",598,612,1210
"Capriva Del Friuli",836,898,1734
"Cormons",3564,3982,7546
"Doberdã² Del Lago",710,727,1437
"Dolegna Del Collio",198,187,385
"Farra D'isonzo",870,879,1749
"Fogliano Redipuglia",1473,1570,3043
"Gorizia",16758,18450,35208
"Gradisca D'isonzo",3095,3414,6509
"Grado",4029,4379,8408
"Mariano Del Friuli",781,813,1594
"Medea",477,499,976
"Monfalcone",13216,13743,26959
"Moraro",368,404,772
"Mossa",792,854,1646
"Romans D'isonzo",1792,1917,3709
"Ronchi Dei Legionari",5764,6172,11936
"Sagrado",1087,1137,2224
"San Canzian D'isonzo",3100,3194,6294
"San Floriano Del Collio",403,395,798
"San Lorenzo Isontino",775,786,1561
"San Pier D'isonzo",1010,1002,2012
"Savogna D'isonzo",867,855,1722
"Staranzano",3529,3666,7195
"Turriaco",1373,1415,2788
"Villesse",860,849,1709
"Duino-Aurisina",4098,4488,8586
"Monrupino",432,444,876
"Muggia",6319,6751,13070
"San Dorligo Della Valle - Dolina",2891,2994,5885
"Sgonico",1018,1062,2080
"Trieste",94691,107123,201814
"Agazzano",1007,1057,2064
"Alseno",2371,2447,4818
"Besenzone",495,473,968
"Bettola",1494,1503,2997
"Bobbio",1763,1940,3703
"Borgonovo Val Tidone",3739,3919,7658
"Cadeo",2985,3061,6046
"Calendasco",1241,1207,2448
"Caminata",132,142,274
"Caorso",2394,2442,4836
"Carpaneto Piacentino",3766,3776,7542
"Castell'arquato",2295,2396,4691
"Castel San Giovanni",6639,6994,13633
"Castelvetro Piacentino",2695,2882,5577
"Cerignale",91,64,155
"Coli",476,469,945
"Corte Brugnatella",314,348,662
"Cortemaggiore",2210,2263,4473
"Farini",711,747,1458
"Ferriere",731,686,1417
"Fiorenzuola D'arda",7169,7722,14891
"Gazzola",1027,978,2005
"Gossolengo",2696,2747,5443
"Gragnano Trebbiense",2133,2246,4379
"Gropparello",1151,1171,2322
"Lugagnano Val D'arda",2026,2118,4144
"Monticelli D'ongina",2620,2787,5407
"Morfasso",542,548,1090
"Nibbiano",1136,1118,2254
"Ottone",294,271,565
"Pecorara",413,388,801
"Piacenza",47262,52933,100195
"Pianello Val Tidone",1125,1170,2295
"Piozzano",351,298,649
"Podenzano",4463,4546,9009
"Ponte Dell'olio",2376,2528,4904
"Pontenure",3109,3247,6356
"Rivergaro",3340,3503,6843
"Rottofreno",5729,5974,11703
"San Giorgio Piacentino",2869,2954,5823
"San Pietro In Cerro",475,460,935
"Sarmato",1436,1482,2918
"Travo",982,1012,1994
"Vernasca",1100,1136,2236
"Vigolzone",2081,2184,4265
"Villanova Sull'arda",951,984,1935
"Zerba",50,41,91
"Ziano Piacentino",1302,1321,2623
"Albareto",1051,1106,2157
"Bardi",1143,1184,2327
"Bedonia",1802,1816,3618
"Berceto",1087,1050,2137
"Bore",403,386,789
"Borgo Val Di Taro",3531,3763,7294
"Busseto",3508,3531,7039
"Calestano",1060,972,2032
"Collecchio",6747,7127,13874
"Colorno",4379,4519,8898
"Compiano",554,565,1119
"Corniglio",985,1003,1988
"Felino",4223,4407,8630
"Fidenza",12173,13342,25515
"Fontanellato",3465,3491,6956
"Fontevivo",2686,2741,5427
"Fornovo Di Taro",3012,3152,6164
"Langhirano",4847,4949,9796
"Lesignano De' Bagni",2379,2398,4777
"Medesano",5246,5403,10649
"Mezzani",1678,1691,3369
"Monchio Delle Corti",499,482,981
"Montechiarugolo",5214,5284,10498
"Neviano Degli Arduini",1824,1840,3664
"Noceto",6222,6468,12690
"Palanzano",569,582,1151
"Parma",82457,93385,175842
"Pellegrino Parmense",540,530,1070
"Polesine Parmense",740,757,1497
"Roccabianca",1516,1563,3079
"Sala Baganza",2723,2709,5432
"Salsomaggiore Terme",9446,10050,19496
"San Secondo Parmense",2719,2798,5517
"Sissa",2087,2158,4245
"Solignano",936,867,1803
"Soragna",2448,2420,4868
"Sorbolo",4710,4883,9593
"Terenzo",629,557,1186
"Tizzano Val Parma",1046,1053,2099
"Tornolo",548,548,1096
"Torrile",3709,3739,7448
"Traversetolo",4524,4743,9267
"Trecasali",1843,1895,3738
"Valmozzola",270,291,561
"Varano De' Melegari",1315,1358,2673
"Varsi",627,652,1279
"Zibello",881,955,1836
"Albinea",4315,4446,8761
"Bagnolo In Piano",4587,4816,9403
"Baiso",1737,1663,3400
"Bibbiano",4935,5043,9978
"Boretto",2592,2663,5255
"Brescello",2742,2771,5513
"Busana",624,660,1284
"Cadelbosco Di Sopra",5113,5276,10389
"Campagnola Emilia",2734,2740,5474
"Campegine",2517,2574,5091
"Carpineti",2036,2140,4176
"Casalgrande",9326,9363,18689
"Casina",2240,2269,4509
"Castellarano",7405,7469,14874
"Castelnovo Di Sotto",4229,4398,8627
"Castelnovo Ne' Monti",5091,5404,10495
"Cavriago",4671,5017,9688
"Canossa",1908,1898,3806
"Collagna",499,482,981
"Correggio",12065,12756,24821
"Fabbrico",3305,3373,6678
"Gattatico",2944,2951,5895
"Gualtieri",3256,3353,6609
"Guastalla",7128,7640,14768
"Ligonchio",421,439,860
"Luzzara",4610,4564,9174
"Montecchio Emilia",4913,5316,10229
"Novellara",6577,6863,13440
"Poviglio",3451,3573,7024
"Quattro Castella",6293,6603,12896
"Ramiseto",656,632,1288
"Reggiolo",4582,4613,9195
"Reggio Nell'Emilia",78139,84431,162570
"Rio Saliceto",3078,3037,6115
"Rolo",2029,2018,4047
"Rubiera",7079,7369,14448
"San Martino In Rio",3856,3909,7765
"San Polo D'enza",2892,3051,5943
"Sant'ilario D'enza",5314,5640,10954
"Scandiano",12054,12743,24797
"Toano",2277,2144,4421
"Vetto",984,973,1957
"Vezzano Sul Crostolo",2050,2175,4225
"Viano",1682,1681,3363
"Villa Minozzo",1935,1962,3897
"Bastiglia",2013,1992,4005
"Bomporto",4883,4908,9791
"Campogalliano",4181,4335,8516
"Camposanto",1607,1580,3187
"Carpi",32149,35206,67355
"Castelfranco Emilia",15738,15886,31624
"Castelnuovo Rangone",7068,7068,14136
"Castelvetro Di Modena",5519,5537,11056
"Cavezzo",3493,3700,7193
"Concordia Sulla Secchia",4371,4573,8944
"Fanano",1462,1555,3017
"Finale Emilia",7598,8120,15718
"Fiorano Modenese",8389,8522,16911
"Fiumalbo",643,658,1301
"Formigine",16644,17036,33680
"Frassinoro",954,1031,1985
"Guiglia",2023,1996,4019
"Lama Mocogno",1405,1432,2837
"Maranello",8180,8435,16615
"Marano Sul Panaro",2411,2418,4829
"Medolla",3056,3242,6298
"Mirandola",11438,12477,23915
"Modena",84956,94139,179095
"Montecreto",504,487,991
"Montefiorino",1131,1119,2250
"Montese",1672,1677,3349
"Nonantola",7402,7798,15200
"Novi Di Modena",5459,5515,10974
"Palagano",1131,1214,2345
"Pavullo Nel Frignano",8401,8802,17203
"Pievepelago",1109,1133,2242
"Polinago",880,858,1738
"Prignano Sulla Secchia",1890,1870,3760
"Ravarino",3050,3098,6148
"Riolunato",388,369,757
"San Cesario Sul Panaro",3005,3112,6117
"San Felice Sul Panaro",5348,5666,11014
"San Possidonio",1726,1890,3616
"San Prospero",2959,2894,5853
"Sassuolo",19275,20657,39932
"Savignano Sul Panaro",4563,4708,9271
"Serramazzoni",4048,3984,8032
"Sestola",1271,1326,2597
"Soliera",7420,7664,15084
"Spilamberto",6061,6074,12135
"Vignola",11729,12585,24314
"Zocca",2438,2435,4873
"Anzola Dell'emilia",5923,5997,11920
"Argelato",4717,4928,9645
"Baricella",3299,3461,6760
"Bazzano",3259,3432,6691
"Bentivoglio",2631,2715,5346
"Bologna",172415,198736,371151
"Borgo Tossignano",1628,1681,3309
"Budrio",8730,9293,18023
"Calderara Di Reno",6484,6655,13139
"Camugnano",991,1006,1997
"Casalecchio Di Reno",16509,18719,35228
"Casalfiumanese",1721,1739,3460
"Castel D'aiano",976,957,1933
"Castel Del Rio",582,637,1219
"Castel Di Casio",1725,1745,3470
"Castel Guelfo Di Bologna",2111,2192,4303
"Castello D'Argile",3256,3221,6477
"Castello Di Serravalle",2465,2409,4874
"Castel Maggiore",8426,9073,17499
"Castel San Pietro Terme",9989,10458,20447
"Castenaso",6875,7482,14357
"Castiglione Dei Pepoli",2906,2965,5871
"Crespellano",4804,5042,9846
"Crevalcore",6587,6912,13499
"Dozza",3188,3255,6443
"Fontanelice",980,963,1943
"Gaggio Montano",2488,2581,5069
"Galliera",2658,2793,5451
"Granaglione",1109,1128,2237
"Granarolo Dell'emilia",5258,5518,10776
"Grizzana Morandi",2054,1928,3982
"Imola",32568,35093,67661
"Lizzano In Belvedere",1093,1207,2300
"Loiano",2233,2220,4453
"Malalbergo",4296,4454,8750
"Marzabotto",3288,3416,6704
"Medicina",8099,8460,16559
"Minerbio",4189,4464,8653
"Molinella",7519,8092,15611
"Monghidoro",1903,1906,3809
"Monterenzio",2927,2941,5868
"Monte San Pietro",5294,5532,10826
"Monteveglio",2619,2672,5291
"Monzuno",3094,3045,6139
"Mordano",2360,2303,4663
"Ozzano Dell'emilia",6309,6601,12910
"Pianoro",8246,8663,16909
"Pieve Di Cento",3378,3500,6878
"Porretta Terme",2240,2477,4717
"Sala Bolognese",4130,4124,8254
"San Benedetto Val Di Sambro",2211,2182,4393
"San Giorgio Di Piano",3969,4244,8213
"San Giovanni In Persiceto",13018,13937,26955
"San Lazzaro Di Savena",14780,16313,31093
"San Pietro In Casale",5809,5965,11774
"Sant'Agata Bolognese",3577,3607,7184
"Sasso Marconi",7011,7533,14544
"Savigno",1357,1377,2734
"Vergato",3711,3905,7616
"Zola Predosa",8816,9411,18227
"Argenta",10608,11492,22100
"Berra",2484,2663,5147
"Bondeno",7177,7880,15057
"Cento",16963,17752,34715
"Codigoro",5924,6477,12401
"Comacchio",11021,11542,22563
"Copparo",8053,8947,17000
"Ferrara",61556,70739,132295
"Formignana",1353,1451,2804
"Jolanda Di Savoia",1451,1547,2998
"Lagosanto",2358,2592,4950
"Masi Torello",1119,1242,2361
"Massa Fiscaglia",1724,1862,3586
"Mesola",3468,3619,7087
"Migliarino",1816,1873,3689
"Mirabello",1675,1809,3484
"Ostellato",3126,3322,6448
"Poggio Renatico",4716,4949,9665
"Portomaggiore",5799,6337,12136
"Ro",1619,1737,3356
"Sant'Agostino",3473,3611,7084
"Vigarano Mainarda",3574,3860,7434
"Voghiera",1876,1947,3823
"Tresigallo",2141,2416,4557
"Goro",1900,1999,3899
"Migliaro",1073,1144,2217
"Alfonsine",5839,6397,12236
"Bagnacavallo",8029,8627,16656
"Bagnara Di Romagna",1192,1177,2369
"Brisighella",3792,3870,7662
"Casola Valsenio",1380,1343,2723
"Castel Bolognese",4641,4875,9516
"Cervia",13717,15172,28889
"Conselice",4789,5030,9819
"Cotignola",3552,3829,7381
"Faenza",27902,29817,57719
"Fusignano",4055,4204,8259
"Lugo",15222,16797,32019
"Massa Lombarda",5129,5394,10523
"Ravenna",73757,79701,153458
"Riolo Terme",2849,2940,5789
"Russi",5941,6152,12093
"Sant'agata Sul Santerno",1391,1415,2806
"Solarolo",2200,2311,4511
"Bagno Di Romagna",2977,3144,6121
"Bertinoro",5348,5466,10814
"Borghi",1360,1358,2718
"Castrocaro Terme E Terra Del Sole",3204,3315,6519
"Cesena",46260,49691,95951
"Cesenatico",12311,13112,25423
"Civitella Di Romagna",1868,1919,3787
"Dovadola",802,853,1655
"Forlã¬",55830,60533,116363
"Forlimpopoli",6363,6629,12992
"Galeata",1251,1263,2514
"Gambettola",5005,5264,10269
"Gatteo",4399,4517,8916
"Longiano",3373,3465,6838
"Meldola",4885,5120,10005
"Mercato Saraceno",3513,3480,6993
"Modigliana",2343,2379,4722
"Montiano",832,868,1700
"Portico E San Benedetto",380,387,767
"Predappio",3226,3302,6528
"Premilcuore",399,397,796
"Rocca San Casciano",963,1036,1999
"Roncofreddo",1710,1668,3378
"San Mauro Pascoli",5478,5650,11128
"Santa Sofia",2039,2135,4174
"Sarsina",1784,1812,3596
"Savignano Sul Rubicone",8669,8871,17540
"Sogliano Al Rubicone",1608,1634,3242
"Tredozio",630,634,1264
"Verghereto",1006,959,1965
"Acqualagna",2216,2286,4502
"Apecchio",987,1024,2011
"Auditore",813,817,1630
"Barchi",491,505,996
"Belforte All'isauro",381,394,775
"Borgo Pace",321,325,646
"Cagli",4286,4690,8976
"Cantiano",1155,1204,2359
"Carpegna",817,852,1669
"Cartoceto",3932,3958,7890
"Colbordolo",3107,3077,6184
"Fano",30289,32640,62929
"Fermignano",4241,4375,8616
"Fossombrone",4858,4987,9845
"Fratte Rosa",515,501,1016
"Frontino",162,152,314
"Frontone",637,712,1349
"Gabicce Mare",2813,3036,5849
"Gradara",2367,2384,4751
"Isola Del Piano",329,306,635
"Lunano",780,759,1539
"Macerata Feltria",979,1093,2072
"Mercatello Sul Metauro",705,730,1435
"Mercatino Conca",552,556,1108
"Mombaroccio",1080,1058,2138
"Mondavio",1930,1997,3927
"Mondolfo",5852,5885,11737
"Montecalvo In Foglia",1307,1396,2703
"Monte Cerignone",334,351,685
"Monteciccardo",853,848,1701
"Montecopiolo",590,582,1172
"Montefelcino",1341,1373,2714
"Monte Grimano Terme",577,580,1157
"Montelabbate",3392,3295,6687
"Montemaggiore Al Metauro",1398,1417,2815
"Monte Porzio",1392,1418,2810
"Orciano Di Pesaro",1054,1101,2155
"Peglio",356,373,729
"Pergola",3112,3418,6530
"Pesaro",44887,49459,94346
"Petriano",1425,1388,2813
"Piagge",495,523,1018
"Piandimeleto",1064,1081,2145
"Pietrarubbia",340,342,682
"Piobbico",1053,1065,2118
"Saltara",3398,3377,6775
"San Costanzo",2445,2396,4841
"San Giorgio Di Pesaro",716,728,1444
"San Lorenzo In Campo",1661,1820,3481
"Sant'angelo In Lizzola",4311,4317,8628
"Sant'angelo In Vado",2016,2093,4109
"Sant'ippolito",778,784,1562
"Sassocorvaro",1735,1729,3464
"Sassofeltrio",709,737,1446
"Serra Sant'abbondio",536,556,1092
"Serrungarina",1301,1289,2590
"Tavoleto",423,469,892
"Tavullia",3974,3914,7888
"Urbania",3444,3639,7083
"Urbino",7510,7993,15503
"Agugliano",2377,2493,4870
"Ancona",47565,52900,100465
"Arcevia",2345,2542,4887
"Barbara",687,715,1402
"Belvedere Ostrense",1124,1161,2285
"Camerano",3512,3718,7230
"Camerata Picena",1207,1213,2420
"Castelbellino",2302,2480,4782
"Castel Colonna",513,530,1043
"Castelfidardo",9150,9482,18632
"Castelleone Di Suasa",845,860,1705
"Castelplanio",1706,1782,3488
"Cerreto D'esi",1961,2005,3966
"Chiaravalle",7123,7754,14877
"Corinaldo",2491,2612,5103
"Cupramontana",2359,2468,4827
"Fabriano",14726,16238,30964
"Falconara Marittima",12846,13874,26720
"Filottrano",4740,4880,9620
"Genga",920,950,1870
"Jesi",19095,21104,40199
"Loreto",6025,6483,12508
"Maiolati Spontini",2937,3231,6168
"Mergo",520,568,1088
"Monsano",1645,1717,3362
"Montecarotto",996,1080,2076
"Montemarciano",4963,5132,10095
"Monterado",1081,1068,2149
"Monte Roberto",1486,1559,3045
"Monte San Vito",3260,3467,6727
"Morro D'alba",975,1001,1976
"Numana",1858,1848,3706
"Offagna",930,958,1888
"Osimo",16598,17362,33960
"Ostra",3290,3470,6760
"Ostra Vetere",1690,1766,3456
"Poggio San Marcello",356,369,725
"Polverigi",2180,2173,4353
"Ripe",2157,2240,4397
"Rosora",959,1026,1985
"San Marcello",1019,1051,2070
"San Paolo Di Jesi",450,449,899
"Santa Maria Nuova",2043,2161,4204
"Sassoferrato",3636,3880,7516
"Senigallia",21096,23224,44320
"Serra De' Conti",1800,1921,3721
"Serra San Quirico",1388,1580,2968
"Sirolo",1879,2001,3880
"Staffolo",1104,1181,2285
"Acquacanina",65,56,121
"Apiro",1163,1245,2408
"Appignano",2046,2152,4198
"Belforte Del Chienti",906,956,1862
"Bolognola",85,77,162
"Caldarola",897,941,1838
"Camerino",3267,3630,6897
"Camporotondo Di Fiastrone",269,317,586
"Castelraimondo",2310,2430,4740
"Castelsantangelo Sul Nera",169,137,306
"Cessapalombo",273,273,546
"Cingoli",5102,5359,10461
"Civitanova Marche",19202,21026,40228
"Colmurano",636,635,1271
"Corridonia",7555,7795,15350
"Esanatoglia",1021,1128,2149
"Fiastra",284,294,578
"Fiordimonte",104,103,207
"Fiuminata",732,758,1490
"Gagliole",339,315,654
"Gualdo",419,448,867
"Loro Piceno",1186,1289,2475
"Macerata",19749,22202,41951
"Matelica",4938,5219,10157
"Mogliano",2339,2437,4776
"Montecassiano",3548,3671,7219
"Monte Cavallo",80,70,150
"Montecosaro",3393,3538,6931
"Montefano",1759,1793,3552
"Montelupone",1820,1853,3673
"Monte San Giusto",4004,4087,8091
"Monte San Martino",371,412,783
"Morrovalle",5118,5117,10235
"Muccia",438,487,925
"Penna San Giovanni",541,613,1154
"Petriolo",976,1007,1983
"Pievebovigliana",422,418,840
"Pieve Torina",728,752,1480
"Pioraco",589,667,1256
"Poggio San Vicino",145,150,295
"Pollenza",3227,3356,6583
"Porto Recanati",5803,5694,11497
"Potenza Picena",7706,8123,15829
"Recanati",10217,11172,21389
"Ripe San Ginesio",421,442,863
"San Ginesio",1750,1875,3625
"San Severino Marche",6240,6764,13004
"Sant'angelo In Pontano",676,787,1463
"Sarnano",1591,1776,3367
"Sefro",218,213,431
"Serrapetrona",497,518,1015
"Serravalle Di Chienti",537,537,1074
"Tolentino",9855,10470,20325
"Treia",4827,4941,9768
"Urbisaglia",1345,1360,2705
"Ussita",203,214,417
"Visso",557,618,1175
"Acquasanta Terme",1497,1547,3044
"Acquaviva Picena",1901,1935,3836
"Appignano Del Tronto",883,959,1842
"Arquata Del Tronto",638,642,1280
"Ascoli Piceno",23940,25933,49873
"Carassai",533,585,1118
"Castel Di Lama",4210,4289,8499
"Castignano",1444,1504,2948
"Castorano",1149,1170,2319
"Colli Del Tronto",1756,1808,3564
"Comunanza",1593,1606,3199
"Cossignano",475,535,1010
"Cupra Marittima",2594,2772,5366
"Folignano",4649,4660,9309
"Force",698,724,1422
"Grottammare",7494,8107,15601
"Maltignano",1239,1245,2484
"Massignano",819,840,1659
"Monsampolo Del Tronto",2265,2289,4554
"Montalto Delle Marche",1053,1204,2257
"Montedinove",264,243,507
"Montefiore Dell'aso",1064,1121,2185
"Montegallo",281,290,571
"Montemonaco",306,327,633
"Monteprandone",6050,6181,12231
"Offida",2521,2680,5201
"Palmiano",102,111,213
"Ripatransone",2116,2222,4338
"Roccafluvione",1031,1022,2053
"Rotella",451,485,936
"San Benedetto Del Tronto",22059,24829,46888
"Spinetoli",3484,3615,7099
"Venarotta",1038,1105,2143
"Aulla",5405,5874,11279
"Bagnone",934,980,1914
"Carrara",30882,33724,64606
"Casola In Lunigiana",480,527,1007
"Comano",352,398,750
"Filattiera",1120,1240,2360
"Fivizzano",3937,4312,8249
"Fosdinovo",2407,2570,4977
"Licciana Nardi",2410,2528,4938
"Massa",33034,35768,68802
"Montignoso",4914,5312,10226
"Mulazzo",1260,1290,2550
"Podenzana",1070,1080,2150
"Pontremoli",3538,4067,7605
"Tresana",1016,1079,2095
"Villafranca In Lunigiana",2321,2414,4735
"Zeri",576,618,1194
"Altopascio",7430,7627,15057
"Bagni Di Lucca",2960,3227,6187
"Barga",4929,5194,10123
"Borgo A Mozzano",3529,3703,7232
"Camaiore",15427,16664,32091
"Camporgiano",1120,1157,2277
"Capannori",21883,22970,44853
"Careggine",294,294,588
"Castelnuovo Di Garfagnana",2936,3121,6057
"Castiglione Di Garfagnana",924,930,1854
"Coreglia Antelminelli",2536,2710,5246
"Fabbriche Di Vallico",251,242,493
"Forte Dei Marmi",3469,4177,7646
"Fosciandora",305,318,623
"Gallicano",1902,1962,3864
"Giuncugnano",221,246,467
"Lucca",41253,45631,86884
"Massarosa",10906,11387,22293
"Minucciano",1076,1136,2212
"Molazzana",555,575,1130
"Montecarlo",2196,2263,4459
"Pescaglia",1796,1835,3631
"Piazza Al Serchio",1191,1259,2450
"Pietrasanta",11341,12764,24105
"Pieve Fosciana",1203,1216,2419
"Porcari",4241,4352,8593
"San Romano In Garfagnana",700,748,1448
"Seravezza",6268,6959,13227
"Sillano",321,359,680
"Stazzema",1604,1690,3294
"Vagli Sotto",509,481,990
"Vergemoli",158,169,327
"Viareggio",28941,32826,61767
"Villa Basilica",838,864,1702
"Villa Collemandina",649,707,1356
"Abetone",331,347,678
"Agliana",8236,8560,16796
"Buggiano",4162,4565,8727
"Cutigliano",726,843,1569
"Lamporecchio",3669,3907,7576
"Larciano",3127,3286,6413
"Marliana",1589,1614,3203
"Massa E Cozzile",3725,4063,7788
"Monsummano Terme",10063,10737,20800
"Montale",5207,5463,10670
"Montecatini-Terme",8897,10666,19563
"Pescia",9422,10026,19448
"Pieve A Nievole",4542,4863,9405
"Pistoia",42262,46754,89016
"Piteglio",844,950,1794
"Ponte Buggianese",4219,4535,8754
"Quarrata",12376,13045,25421
"Sambuca Pistoiese",855,835,1690
"San Marcello Pistoiese",3087,3554,6641
"Serravalle Pistoiese",5638,5866,11504
"Uzzano",2773,2928,5701
"Chiesina Uzzanese",2214,2274,4488
"Bagno A Ripoli",12047,13325,25372
"Barberino Di Mugello",5163,5319,10482
"Barberino Val D'elsa",2129,2218,4347
"Borgo San Lorenzo",8575,9257,17832
"Calenzano",8081,8547,16628
"Campi Bisenzio",20861,21966,42827
"Capraia E Limite",3656,3675,7331
"Castelfiorentino",8476,9012,17488
"Cerreto Guidi",5034,5344,10378
"Certaldo",7736,8184,15920
"Dicomano",2808,2853,5661
"Empoli",22106,24472,46578
"Fiesole",6628,7357,13985
"Figline Valdarno",8103,8721,16824
"Firenze",165697,191621,357318
"Firenzuola",2396,2423,4819
"Fucecchio",11132,11668,22800
"Gambassi Terme",2391,2507,4898
"Greve In Chianti",6779,7109,13888
"Impruneta",7032,7630,14662
"Incisa In Val D'arno",3053,3275,6328
"Lastra A Signa",9202,9747,18949
"Londa",932,903,1835
"Marradi",1609,1648,3257
"Montaione",1849,1931,3780
"Montelupo Fiorentino",6644,7033,13677
"Montespertoli",6495,6699,13194
"Palazzuolo Sul Senio",594,594,1188
"Pelago",3624,3867,7491
"Pontassieve",9903,10589,20492
"Reggello",7909,8190,16099
"Rignano Sull'arno",4196,4405,8601
"Rufina",3627,3745,7372
"San Casciano In Val Di Pesa",8128,8758,16886
"San Godenzo",625,598,1223
"San Piero A Sieve",2099,2146,4245
"Scandicci",23889,25848,49737
"Scarperia",3809,3945,7754
"Sesto Fiorentino",22613,25065,47678
"Signa",8404,9083,17487
"Tavarnelle Val Di Pesa",3743,3911,7654
"Vaglia",2443,2605,5048
"Vicchio",4035,4080,8115
"Vinci",6840,7264,14104
"Bibbona",1612,1593,3205
"Campiglia Marittima",6348,6879,13227
"Campo Nell'elba",2235,2305,4540
"Capoliveri",1877,1895,3772
"Capraia Isola",214,180,394
"Castagneto Carducci",4070,4397,8467
"Cecina",13180,14727,27907
"Collesalvetti",8229,8456,16685
"Livorno",74540,82239,156779
"Marciana",1048,1144,2192
"Marciana Marina",958,985,1943
"Piombino",16441,17994,34435
"Porto Azzurro",2038,1795,3833
"Portoferraio",5539,6104,11643
"Rio Marina",1044,1176,2220
"Rio Nell'elba",595,579,1174
"Rosignano Marittimo",15143,16618,31761
"San Vincenzo",3318,3701,7019
"Sassetta",256,281,537
"Suvereto",1528,1609,3137
"Bientina",3759,4001,7760
"Buti",2808,2972,5780
"Calci",3111,3296,6407
"Calcinaia",5702,5996,11698
"Capannoli",3009,3191,6200
"Casale Marittimo",527,565,1092
"Casciana Terme",1739,1886,3625
"Cascina",21148,22571,43719
"Castelfranco Di Sotto",6343,6567,12910
"Castellina Marittima",995,989,1984
"Castelnuovo Di Val Di Cecina",1098,1188,2286
"Chianni",706,750,1456
"Crespina",2065,2053,4118
"Fauglia",1749,1837,3586
"Guardistallo",588,661,1249
"Lajatico",668,704,1372
"Lari",4298,4457,8755
"Lorenzana",601,595,1196
"Montecatini Val Di Cecina",906,903,1809
"Montescudaio",973,996,1969
"Monteverdi Marittimo",404,372,776
"Montopoli In Val D'arno",5511,5639,11150
"Orciano Pisano",327,309,636
"Palaia",2193,2376,4569
"Peccioli",2396,2536,4932
"Pisa",40020,45497,85517
"Pomarance",2846,2987,5833
"Ponsacco",7456,7789,15245
"Pontedera",13603,14484,28087
"Riparbella",813,825,1638
"San Giuliano Terme",14964,16126,31090
"San Miniato",13443,14117,27560
"Santa Croce Sull'arno",7024,7063,14087
"Santa Luce",886,866,1752
"Santa Maria A Monte",6379,6491,12870
"Terricciola",2195,2309,4504
"Vecchiano",5966,6386,12352
"Vicopisano",4118,4366,8484
"Volterra",5141,5534,10675
"Anghiari",2756,2901,5657
"Arezzo",46791,51227,98018
"Badia Tedalda",561,525,1086
"Bibbiena",6030,6261,12291
"Bucine",4950,5119,10069
"Capolona",2607,2795,5402
"Caprese Michelangelo",734,776,1510
"Castel Focognano",1593,1634,3227
"Castelfranco Di Sopra",1531,1517,3048
"Castel San Niccolã²",1352,1383,2735
"Castiglion Fibocchi",1106,1114,2220
"Castiglion Fiorentino",6463,6715,13178
"Cavriglia",4652,4836,9488
"Chitignano",454,480,934
"Chiusi Della Verna",1005,1046,2051
"Civitella In Val Di Chiana",4470,4642,9112
"Cortona",10786,11701,22487
"Foiano Della Chiana",4527,4808,9335
"Laterina",1739,1783,3522
"Loro Ciuffenna",2911,2968,5879
"Lucignano",1750,1859,3609
"Marciano Della Chiana",1644,1769,3413
"Montemignaio",275,294,569
"Monterchi",893,920,1813
"Monte San Savino",4243,4506,8749
"Montevarchi",11609,12340,23949
"Ortignano Raggiolo",441,439,880
"Pergine Valdarno",1552,1661,3213
"Pian Di Sco",3197,3230,6427
"Pieve Santo Stefano",1569,1611,3180
"Poppi",3076,3122,6198
"Pratovecchio",1510,1591,3101
"San Giovanni Valdarno",7920,8911,16831
"Sansepolcro",7719,8358,16077
"Sestino",712,702,1414
"Stia",1415,1485,2900
"Subbiano",3145,3155,6300
"Talla",573,550,1123
"Terranuova Bracciolini",6052,6251,12303
"Abbadia San Salvatore",3079,3480,6559
"Asciano",3523,3711,7234
"Buonconvento",1539,1633,3172
"Casole D'elsa",1906,1980,3886
"Castellina In Chianti",1450,1423,2873
"Castelnuovo Berardenga",4250,4545,8795
"Castiglione D'orcia",1168,1291,2459
"Cetona",1359,1474,2833
"Chianciano Terme",3260,3783,7043
"Chiusdino",899,955,1854
"Chiusi",4183,4630,8813
"Colle Di Val D'elsa",10310,10954,21264
"Gaiole In Chianti",1405,1371,2776
"Montalcino",2466,2689,5155
"Montepulciano",6806,7382,14188
"Monteriggioni",4524,4748,9272
"Monteroni D'arbia",4310,4462,8772
"Monticiano",744,766,1510
"Murlo",1195,1183,2378
"Piancastagnaio",2016,2155,4171
"Pienza",1033,1101,2134
"Poggibonsi",13986,14966,28952
"Radda In Chianti",810,878,1688
"Radicofani",571,578,1149
"Radicondoli",456,472,928
"Rapolano Terme",2507,2632,5139
"San Casciano Dei Bagni",798,838,1636
"San Gimignano",3750,3888,7638
"San Giovanni D'asso",439,456,895
"San Quirico D'orcia",1318,1369,2687
"Sarteano",2192,2524,4716
"Siena",24257,28543,52800
"Sinalunga",6018,6467,12485
"Sovicille",4788,5174,9962
"Torrita Di Siena",3602,3773,7375
"Trequanda",656,675,1331
"Arcidosso",2107,2186,4293
"Campagnatico",1245,1246,2491
"Capalbio",1984,2075,4059
"Castel Del Piano",2237,2408,4645
"Castell'azzara",761,839,1600
"Castiglione Della Pescaia",3416,3647,7063
"Cinigiano",1326,1338,2664
"Civitella Paganico",1541,1597,3138
"Follonica",10046,11381,21427
"Gavorrano",4198,4441,8639
"Grosseto",37087,41370,78457
"Isola Del Giglio",733,676,1409
"Magliano In Toscana",1763,1872,3635
"Manciano",3494,3771,7265
"Massa Marittima",4065,4559,8624
"Monte Argentario",6054,6485,12539
"Montieri",556,591,1147
"Orbetello",6924,7742,14666
"Pitigliano",1837,2007,3844
"Roccalbegna",549,541,1090
"Roccastrada",4553,4812,9365
"Santa Fiora",1317,1368,2685
"Scansano",2260,2277,4537
"Scarlino",1832,1868,3700
"Seggiano",490,512,1002
"Sorano",1740,1846,3586
"Monterotondo Marittimo",725,693,1418
"Semproniano",542,594,1136
"Assisi",13147,14223,27370
"Bastia Umbra",10477,11125,21602
"Bettona",2056,2232,4288
"Bevagna",2485,2576,5061
"Campello Sul Clitunno",1242,1257,2499
"Cannara",2101,2205,4306
"Cascia",1581,1655,3236
"Castel Ritaldi",1611,1707,3318
"Castiglione Del Lago",7495,7917,15412
"Cerreto Di Spoleto",533,582,1115
"Citerna",1696,1749,3445
"Cittã  Della Pieve",3716,4056,7772
"Cittã  Di Castello",19138,20897,40035
"Collazzone",1781,1809,3590
"Corciano",9765,10486,20251
"Costacciaro",623,662,1285
"Deruta",4585,4864,9449
"Foligno",26513,29499,56012
"Fossato Di Vico",1353,1454,2807
"Fratta Todina",857,984,1841
"Giano Dell'umbria",1887,1924,3811
"Gualdo Cattaneo",3135,3132,6267
"Gualdo Tadino",7336,8123,15459
"Gubbio",15752,16650,32402
"Lisciano Niccone",306,315,621
"Magione",7096,7473,14569
"Marsciano",9118,9596,18714
"Massa Martana",1888,1919,3807
"Monte Castello Di Vibio",790,832,1622
"Montefalco",2771,2905,5676
"Monteleone Di Spoleto",329,296,625
"Monte Santa Maria Tiberina",607,605,1212
"Montone",809,852,1661
"Nocera Umbra",2881,3054,5935
"Norcia",2370,2526,4896
"Paciano",481,503,984
"Panicale",2783,2931,5714
"Passignano Sul Trasimeno",2671,2847,5518
"Perugia",76772,85325,162097
"Piegaro",1816,1979,3795
"Pietralunga",1078,1103,2181
"Poggiodomo",69,66,135
"Preci",381,375,756
"San Giustino",5482,5868,11350
"Sant'anatolia Di Narco",289,269,558
"Scheggia E Pascelupo",699,737,1436
"Scheggino",236,247,483
"Sellano",549,587,1136
"Sigillo",1189,1272,2461
"Spello",4148,4472,8620
"Spoleto",18516,19838,38354
"Todi",8156,8744,16900
"Torgiano",3171,3338,6509
"Trevi",4070,4267,8337
"Tuoro Sul Trasimeno",1851,2002,3853
"Umbertide",7983,8502,16485
"Valfabbrica",1697,1795,3492
"Vallo Di Nera",189,211,400
"Valtopina",720,761,1481
"Acquasparta",2359,2561,4920
"Allerona",891,961,1852
"Alviano",718,794,1512
"Amelia",5711,6066,11777
"Arrone",1360,1463,2823
"Attigliano",941,1002,1943
"Baschi",1366,1430,2796
"Calvi Dell'umbria",878,1002,1880
"Castel Giorgio",1031,1145,2176
"Castel Viscardo",1451,1565,3016
"Fabro",1421,1481,2902
"Ferentillo",955,1000,1955
"Ficulle",842,846,1688
"Giove",916,982,1898
"Guardea",891,967,1858
"Lugnano In Teverina",786,752,1538
"Montecastrilli",2548,2654,5202
"Montecchio",853,869,1722
"Montefranco",633,658,1291
"Montegabbione",618,613,1231
"Monteleone D'orvieto",736,826,1562
"Narni",9542,10470,20012
"Orvieto",9953,11065,21018
"Otricoli",941,975,1916
"Parrano",280,307,587
"Penna In Teverina",505,555,1060
"Polino",133,115,248
"Porano",933,1055,1988
"San Gemini",2393,2533,4926
"San Venanzo",1157,1142,2299
"Stroncone",2439,2500,4939
"Terni",51256,57854,109110
"Avigliano Umbro",1296,1268,2564
"Acquapendente",2728,2924,5652
"Arlena Di Castro",429,454,883
"Bagnoregio",1783,1886,3669
"Barbarano Romano",544,532,1076
"Bassano Romano",2397,2431,4828
"Bassano In Teverina",641,640,1281
"Blera",1659,1704,3363
"Bolsena",1972,2170,4142
"Bomarzo",905,906,1811
"Calcata",448,461,909
"Canepina",1543,1604,3147
"Canino",2624,2649,5273
"Capodimonte",840,890,1730
"Capranica",3246,3399,6645
"Caprarola",2590,2752,5342
"Carbognano",990,1062,2052
"Castel Sant'elia",1259,1303,2562
"Castiglione In Teverina",1171,1232,2403
"Celleno",658,687,1345
"Cellere",598,630,1228
"Civita Castellana",7522,8108,15630
"Civitella D'agliano",797,862,1659
"Corchiano",1870,1867,3737
"Fabrica Di Roma",4042,4078,8120
"Faleria",1067,1057,2124
"Farnese",766,861,1627
"Gallese",1446,1554,3000
"Gradoli",713,766,1479
"Graffignano",1119,1195,2314
"Grotte Di Castro",1361,1408,2769
"Ischia Di Castro",1143,1238,2381
"Latera",474,453,927
"Lubriano",456,462,918
"Marta",1708,1808,3516
"Montalto Di Castro",4329,4438,8767
"Montefiascone",6410,6984,13394
"Monte Romano",994,1018,2012
"Monterosi",1894,1971,3865
"Nepi",4653,4711,9364
"Onano",501,517,1018
"Oriolo Romano",1816,1833,3649
"Orte",4160,4483,8643
"Piansano",1096,1053,2149
"Proceno",300,303,603
"Ronciglione",4020,4281,8301
"Villa San Giovanni In Tuscia",654,661,1315
"San Lorenzo Nuovo",1042,1109,2151
"Soriano Nel Cimino",4169,4361,8530
"Sutri",3227,3352,6579
"Tarquinia",7759,8240,15999
"Tessennano",180,168,348
"Tuscania",3895,4234,8129
"Valentano",1382,1510,2892
"Vallerano",1265,1345,2610
"Vasanello",2058,2109,4167
"Vejano",1124,1176,2300
"Vetralla",6509,6981,13490
"Vignanello",2371,2442,4813
"Viterbo",29996,33094,63090
"Vitorchiano",2457,2497,4954
"Accumoli",331,323,654
"Amatrice",1345,1290,2635
"Antrodoco",1354,1355,2709
"Ascrea",141,123,264
"Belmonte In Sabina",329,313,642
"Borbona",329,323,652
"Borgorose",2375,2253,4628
"Borgo Velino",477,512,989
"Cantalice",1333,1390,2723
"Cantalupo In Sabina",852,878,1730
"Casaprota",354,368,722
"Casperia",585,641,1226
"Castel Di Tora",164,133,297
"Castelnuovo Di Farfa",508,540,1048
"Castel Sant'angelo",627,656,1283
"Cittaducale",3344,3540,6884
"Cittareale",234,235,469
"Collalto Sabino",214,226,440
"Colle Di Tora",187,201,388
"Collegiove",92,77,169
"Collevecchio",781,810,1591
"Colli Sul Velino",251,269,520
"Concerviano",149,162,311
"Configni",334,336,670
"Contigliano",1765,1810,3575
"Cottanello",291,275,566
"Fara In Sabina",5983,6326,12309
"Fiamignano",724,721,1445
"Forano",1443,1481,2924
"Frasso Sabino",337,347,684
"Greccio",740,769,1509
"Labro",170,175,345
"Leonessa",1228,1238,2466
"Longone Sabino",290,291,581
"Magliano Sabina",1829,1970,3799
"Marcetelli",53,42,95
"Micigliano",69,61,130
"Mompeo",259,279,538
"Montasola",219,188,407
"Montebuono",469,447,916
"Monteleone Sabino",592,635,1227
"Montenero Sabino",152,144,296
"Monte San Giovanni In Sabina",375,369,744
"Montopoli Di Sabina",2106,2114,4220
"Morro Reatino",164,184,348
"Nespolo",150,122,272
"Orvinio",239,210,449
"Paganico Sabino",85,88,173
"Pescorocchiano",1103,1104,2207
"Petrella Salto",604,601,1205
"Poggio Bustone",1024,1092,2116
"Poggio Catino",652,687,1339
"Poggio Mirteto",2914,3079,5993
"Poggio Moiano",1370,1433,2803
"Poggio Nativo",1247,1222,2469
"Poggio San Lorenzo",292,286,578
"Posta",357,328,685
"Pozzaglia Sabina",178,190,368
"Rieti",21793,24282,46075
"Rivodutri",663,640,1303
"Roccantica",289,308,597
"Rocca Sinibalda",435,413,848
"Salisano",267,292,559
"Scandriglia",1481,1441,2922
"Selci",542,562,1104
"Stimigliano",1124,1146,2270
"Tarano",696,734,1430
"Toffia",498,508,1006
"Torricella In Sabina",699,708,1407
"Torri In Sabina",617,627,1244
"Turania",140,106,246
"Vacone",137,127,264
"Varco Sabino",113,96,209
"Affile",747,804,1551
"Agosta",848,918,1766
"Albano Laziale",18381,19987,38368
"Allumiere",2036,2095,4131
"Anguillara Sabazia",9154,9455,18609
"Anticoli Corrado",472,474,946
"Anzio",24413,25377,49790
"Arcinazzo Romano",682,693,1375
"Ariccia",8855,9464,18319
"Arsoli",777,873,1650
"Artena",6781,6889,13670
"Bellegra",1442,1510,2952
"Bracciano",8958,9588,18546
"Camerata Nuova",238,215,453
"Campagnano Di Roma",5305,5825,11130
"Canale Monterano",1963,2099,4062
"Canterano",176,183,359
"Capena",4723,4747,9470
"Capranica Prenestina",167,160,327
"Carpineto Romano",2271,2371,4642
"Casape",365,370,735
"Castel Gandolfo",4179,4590,8769
"Castel Madama",3597,3743,7340
"Castelnuovo Di Porto",3926,4115,8041
"Castel San Pietro Romano",414,440,854
"Cave",5113,5328,10441
"Cerreto Laziale",597,594,1191
"Cervara Di Roma",255,219,474
"Cerveteri",17331,17997,35328
"Ciciliano",689,668,1357
"Cineto Romano",318,326,644
"Civitavecchia",24451,26810,51261
"Civitella San Paolo",890,865,1755
"Colleferro",10276,11262,21538
"Colonna",1967,2061,4028
"Fiano Romano",6434,6629,13063
"Filacciano",237,250,487
"Formello",5844,6154,11998
"Frascati",9843,10911,20754
"Gallicano Nel Lazio",2900,2855,5755
"Gavignano",980,979,1959
"Genazzano",2958,3008,5966
"Genzano Di Roma",11514,12240,23754
"Gerano",625,623,1248
"Gorga",374,393,767
"Grottaferrata",8922,10210,19132
"Guidonia Montecelio",39990,41548,81538
"Jenne",188,207,395
"Labico",2963,3037,6000
"Lanuvio",6467,6515,12982
"Licenza",517,492,1009
"Magliano Romano",739,732,1471
"Mandela",453,444,897
"Manziana",3372,3731,7103
"Marano Equo",397,387,784
"Marcellina",3425,3464,6889
"Marino",18504,19854,38358
"Mazzano Romano",1528,1528,3056
"Mentana",10176,10567,20743
"Monte Compatri",5555,5668,11223
"Monteflavio",666,738,1404
"Montelanico",1041,1111,2152
"Montelibretti",2488,2712,5200
"Monte Porzio Catone",4097,4491,8588
"Monterotondo",19077,20386,39463
"Montorio Romano",1010,1023,2033
"Moricone",1332,1350,2682
"Morlupo",3898,4209,8107
"Nazzano",691,685,1376
"Nemi",960,1002,1962
"Nerola",908,909,1817
"Nettuno",21936,23485,45421
"Olevano Romano",3307,3426,6733
"Palestrina",10067,10475,20542
"Palombara Sabina",6034,6160,12194
"Percile",138,139,277
"Pisoniano",405,404,809
"Poli",1195,1241,2436
"Pomezia",27775,28602,56377
"Ponzano Romano",596,574,1170
"Riano",4713,4813,9526
"Rignano Flaminio",4699,4917,9616
"Riofreddo",373,383,756
"Rocca Canterano",113,96,209
"Rocca Di Cave",197,191,388
"Rocca Di Papa",7750,7850,15600
"Roccagiovine",134,150,284
"Rocca Priora",5375,5437,10812
"Rocca Santo Stefano",526,493,1019
"Roiate",368,376,744
"Roma",1227959,1386304,2614263
"Roviano",649,737,1386
"Sacrofano",3239,3428,6667
"Sambuci",453,487,940
"San Gregorio Da Sassola",781,764,1545
"San Polo Dei Cavalieri",1494,1500,2994
"Santa Marinella",8394,9061,17455
"Sant'angelo Romano",2271,2247,4518
"Sant'oreste",1815,1878,3693
"San Vito Romano",1636,1721,3357
"Saracinesco",102,82,184
"Segni",4411,4690,9101
"Subiaco",4393,4654,9047
"Tivoli",25471,27451,52922
"Tolfa",2583,2565,5148
"Torrita Tiberina",522,553,1075
"Trevignano Romano",2527,2728,5255
"Vallepietra",152,151,303
"Vallinfreda",150,164,314
"Valmontone",7369,7634,15003
"Velletri",25507,26718,52225
"Vicovaro",1928,2019,3947
"Vivaro Romano",84,92,176
"Zagarolo",8449,8481,16930
"Lariano",6366,6560,12926
"Ladispoli",18029,19127,37156
"Ardea",22329,22280,44609
"Ciampino",17771,19409,37180
"San Cesareo",6791,6996,13787
"Fiumicino",33415,34230,67645
"Fonte Nuova",15028,15571,30599
"Aprilia",32994,33964,66958
"Bassiano",791,794,1585
"Campodimele",330,309,639
"Castelforte",2149,2248,4397
"Cisterna Di Latina",17478,18092,35570
"Cori",5422,5642,11064
"Fondi",18443,18759,37202
"Formia",17360,18932,36292
"Gaeta",9978,10742,20720
"Itri",5243,5236,10479
"Latina",56652,61108,117760
"Lenola",2005,2152,4157
"Maenza",1521,1546,3067
"Minturno",9421,10048,19469
"Monte San Biagio",3009,3129,6138
"Norma",1947,2085,4032
"Pontinia",6826,6999,13825
"Ponza",1670,1575,3245
"Priverno",6731,7191,13922
"Prossedi",621,609,1230
"Roccagorga",2263,2315,4578
"Rocca Massima",543,557,1100
"Roccasecca Dei Volsci",559,568,1127
"Sabaudia",9440,9387,18827
"San Felice Circeo",4344,4382,8726
"Santi Cosma E Damiano",3340,3549,6889
"Sermoneta",4578,4652,9230
"Sezze",12022,12174,24196
"Sonnino",3643,3642,7285
"Sperlonga",1622,1704,3326
"Spigno Saturnia",1421,1485,2906
"Terracina",21773,22481,44254
"Ventotene",365,327,692
"Acquafondata",147,133,280
"Acuto",923,989,1912
"Alatri",14064,14581,28645
"Alvito",1370,1473,2843
"Amaseno",2162,2151,4313
"Anagni",10528,10869,21397
"Aquino",2596,2703,5299
"Arce",2806,2971,5777
"Arnara",1126,1247,2373
"Arpino",3537,3819,7356
"Atina",2110,2326,4436
"Ausonia",1307,1344,2651
"Belmonte Castello",404,376,780
"Boville Ernica",4358,4441,8799
"Broccostella",1383,1415,2798
"Campoli Appennino",880,870,1750
"Casalattico",312,329,641
"Casalvieri",1403,1462,2865
"Cassino",16327,17301,33628
"Castelliri",1734,1787,3521
"Castelnuovo Parano",435,465,900
"Castrocielo",1896,2069,3965
"Castro Dei Volsci",2335,2567,4902
"Ceccano",11239,11867,23106
"Ceprano",4225,4506,8731
"Cervaro",3784,3979,7763
"Colfelice",952,921,1873
"Collepardo",490,475,965
"Colle San Magno",365,374,739
"Coreno Ausonio",818,857,1675
"Esperia",1938,1963,3901
"Falvaterra",276,287,563
"Ferentino",10287,10696,20983
"Filettino",290,264,554
"Fiuggi",4615,5003,9618
"Fontana Liri",1447,1549,2996
"Fontechiari",636,675,1311
"Frosinone",22221,24383,46604
"Fumone",1068,1107,2175
"Gallinaro",585,661,1246
"Giuliano Di Roma",1168,1185,2353
"Guarcino",809,848,1657
"Isola Del Liri",5677,6287,11964
"Monte San Giovanni Campano",6444,6429,12873
"Morolo",1636,1628,3264
"Paliano",3999,4130,8129
"Pastena",760,762,1522
"Patrica",1557,1527,3084
"Pescosolido",760,798,1558
"Picinisco",611,645,1256
"Pico",1472,1528,3000
"Piedimonte San Germano",2984,3058,6042
"Piglio",2300,2353,4653
"Pignataro Interamna",1259,1303,2562
"Pofi",2125,2165,4290
"Pontecorvo",6384,6821,13205
"Posta Fibreno",589,619,1208
"Ripi",2602,2738,5340
"Rocca D'arce",473,496,969
"Roccasecca",3701,3814,7515
"San Biagio Saracinisco",176,182,358
"San Donato Val Di Comino",994,1130,2124
"San Giorgio A Liri",1545,1626,3171
"San Giovanni Incarico",1637,1777,3414
"Sant'ambrogio Sul Garigliano",492,493,985
"Sant'andrea Del Garigliano",776,780,1556
"Sant'apollinare",949,983,1932
"Sant'elia Fiumerapido",3097,3137,6234
"Santopadre",707,699,1406
"San Vittore Del Lazio",1322,1345,2667
"Serrone",1538,1516,3054
"Settefrati",394,392,786
"Sgurgola",1272,1349,2621
"Sora",12675,13566,26241
"Strangolagalli",1224,1274,2498
"Supino",2405,2488,4893
"Terelle",226,235,461
"Torre Cajetani",694,693,1387
"Torrice",2257,2357,4614
"Trevi Nel Lazio",926,928,1854
"Trivigliano",837,855,1692
"Vallecorsa",1387,1421,2808
"Vallemaio",497,504,1001
"Vallerotonda",788,873,1661
"Veroli",10224,10531,20755
"Vicalvi",379,426,805
"Vico Nel Lazio",1107,1146,2253
"Villa Latina",629,652,1281
"Villa Santa Lucia",1308,1331,2639
"Villa Santo Stefano",829,873,1702
"Viticuso",179,192,371
"Ailano",646,733,1379
"Alife",3827,3840,7667
"Alvignano",2386,2517,4903
"Arienzo",2618,2708,5326
"Aversa",25252,27470,52722
"Baia E Latina",1120,1129,2249
"Bellona",2834,2902,5736
"Caianello",875,908,1783
"Caiazzo",2787,2865,5652
"Calvi Risorta",2816,2967,5783
"Camigliano",923,970,1893
"Cancello Ed Arnone",2694,2751,5445
"Capodrise",4827,4919,9746
"Capriati A Volturno",753,842,1595
"Capua",9104,9925,19029
"Carinaro",3358,3548,6906
"Carinola",3973,4070,8043
"Casagiove",6521,7153,13674
"Casal Di Principe",10275,10499,20774
"Casaluce",4948,5059,10007
"Casapulla",4014,4139,8153
"Caserta",35458,40167,75625
"Castel Campagnano",762,845,1607
"Castel Di Sasso",588,597,1185
"Castello Del Matese",720,793,1513
"Castel Morrone",1886,2032,3918
"Castel Volturno",11483,11444,22927
"Cervino",2409,2617,5026
"Cesa",4220,4305,8525
"Ciorlano",220,215,435
"Conca Della Campania",610,639,1249
"Curti",3375,3734,7109
"Dragoni",1029,1131,2160
"Fontegreca",443,414,857
"Formicola",691,812,1503
"Francolise",2419,2495,4914
"Frignano",4336,4402,8738
"Gallo Matese",330,316,646
"Galluccio",1102,1133,2235
"Giano Vetusto",296,360,656
"Gioia Sannitica",1806,1820,3626
"Grazzanise",3510,3565,7075
"Gricignano Di Aversa",5257,5354,10611
"Letino",339,375,714
"Liberi",539,619,1158
"Lusciano",7166,7400,14566
"Macerata Campania",5157,5403,10560
"Maddaloni",19235,20183,39418
"Marcianise",19748,20575,40323
"Marzano Appio",1124,1214,2338
"Mignano Monte Lungo",1602,1664,3266
"Mondragone",13309,13811,27120
"Orta Di Atella",12535,12426,24961
"Parete",5465,5541,11006
"Pastorano",1428,1489,2917
"Piana Di Monte Verna",1145,1241,2386
"Piedimonte Matese",5549,5952,11501
"Pietramelara",2264,2414,4678
"Pietravairano",1451,1555,3006
"Pignataro Maggiore",3012,3204,6216
"Pontelatone",862,894,1756
"Portico Di Caserta",3826,3911,7737
"Prata Sannita",744,818,1562
"Pratella",766,847,1613
"Presenzano",883,863,1746
"Raviscanina",672,696,1368
"Recale",3744,3858,7602
"Riardo",1168,1233,2401
"Rocca D'evandro",1634,1724,3358
"Roccamonfina",1753,1859,3612
"Roccaromana",406,468,874
"Rocchetta E Croce",220,239,459
"Ruviano",876,961,1837
"San Cipriano D'aversa",6672,6790,13462
"San Felice A Cancello",8351,8712,17063
"San Gregorio Matese",483,543,1026
"San Marcellino",6259,6337,12596
"San Nicola La Strada",10440,10812,21252
"San Pietro Infine",473,482,955
"San Potito Sannitico",973,1025,1998
"San Prisco",5724,6197,11921
"Santa Maria A Vico",6965,7187,14152
"Santa Maria Capua Vetere",15463,17092,32555
"Santa Maria La Fossa",1291,1389,2680
"San Tammaro",2565,2514,5079
"Sant'angelo D'alife",1096,1181,2277
"Sant'arpino",6974,7087,14061
"Sessa Aurunca",10883,11335,22218
"Sparanise",3622,3897,7519
"Succivo",4011,4100,8111
"Teano",6117,6455,12572
"Teverola",6732,6899,13631
"Tora E Piccilli",443,499,942
"Trentola-Ducenta",8815,8983,17798
"Vairano Patenora",3221,3440,6661
"Valle Agricola",473,501,974
"Valle Di Maddaloni",1371,1448,2819
"Villa Di Briano",3049,3047,6096
"Villa Literno",5355,5426,10781
"Vitulazio",3446,3556,7002
"Falciano Del Massico",1765,1917,3682
"Cellole",3707,3986,7693
"Casapesenna",3215,3436,6651
"San Marco Evangelista",3091,3206,6297
"Airola",3980,4077,8057
"Amorosi",1367,1469,2836
"Apice",2838,2955,5793
"Apollosa",1315,1380,2695
"Arpaia",1018,1013,2031
"Arpaise",416,418,834
"Baselice",1229,1310,2539
"Benevento",29036,32261,61297
"Bonea",741,743,1484
"Bucciano",1037,1044,2081
"Buonalbergo",910,911,1821
"Calvi",1308,1301,2609
"Campolattaro",528,567,1095
"Campoli Del Monte Taburno",782,760,1542
"Casalduni",731,745,1476
"Castelfranco In Miscano",461,473,934
"Castelpagano",771,778,1549
"Castelpoto",630,687,1317
"Castelvenere",1260,1353,2613
"Castelvetere In Val Fortore",638,740,1378
"Cautano",1054,1043,2097
"Ceppaloni",1630,1740,3370
"Cerreto Sannita",1995,2070,4065
"Circello",1213,1264,2477
"Colle Sannita",1188,1317,2505
"Cusano Mutri",2088,2089,4177
"Dugenta",1311,1442,2753
"Durazzano",1106,1130,2236
"Faicchio",1803,1885,3688
"Foglianise",1704,1793,3497
"Foiano Di Val Fortore",710,765,1475
"Forchia",619,607,1226
"Fragneto L'abate",534,578,1112
"Fragneto Monforte",926,966,1892
"Frasso Telesino",1152,1247,2399
"Ginestra Degli Schiavoni",262,266,528
"Guardia Sanframondi",2591,2642,5233
"Limatola",2055,2044,4099
"Melizzano",903,975,1878
"Moiano",2001,2129,4130
"Molinara",792,871,1663
"Montefalcone Di Val Fortore",761,887,1648
"Montesarchio",6394,6798,13192
"Morcone",2423,2612,5035
"Paduli",1990,2089,4079
"Pago Veiano",1246,1293,2539
"Pannarano",1069,1022,2091
"Paolisi",978,998,1976
"Paupisi",787,790,1577
"Pesco Sannita",970,1109,2079
"Pietraroja",278,308,586
"Pietrelcina",1528,1539,3067
"Ponte",1262,1385,2647
"Pontelandolfo",1109,1181,2290
"Puglianello",685,695,1380
"Reino",615,641,1256
"San Bartolomeo In Galdo",2487,2590,5077
"San Giorgio Del Sannio",4702,5134,9836
"San Giorgio La Molara",1538,1508,3046
"San Leucio Del Sannio",1586,1658,3244
"San Lorenzello",1136,1177,2313
"San Lorenzo Maggiore",1081,1087,2168
"San Lupo",427,431,858
"San Marco Dei Cavoti",1714,1826,3540
"San Martino Sannita",637,646,1283
"San Nazzaro",464,447,911
"San Nicola Manfredi",1781,1860,3641
"San Salvatore Telesino",1982,2057,4039
"Santa Croce Del Sannio",485,500,985
"Sant'agata De' Goti",5547,5745,11292
"Sant'angelo A Cupolo",2117,2159,4276
"Sassinoro",317,339,656
"Solopaca",1814,2156,3970
"Telese Terme",3331,3636,6967
"Tocco Caudio",758,776,1534
"Torrecuso",1696,1730,3426
"Vitulano",1505,1431,2936
"Sant'arcangelo Trimonte",316,323,639
"Acerra",27856,28714,56570
"Afragola",31319,32447,63766
"Agerola",3585,3769,7354
"Anacapri",3195,3360,6555
"Arzano",17092,17831,34923
"Bacoli",13024,13621,26645
"Barano D'ischia",4884,5002,9886
"Boscoreale",13400,14019,27419
"Boscotrecase",5030,5402,10432
"Brusciano",7843,8159,16002
"Caivano",18514,19149,37663
"Calvizzano",6027,6504,12531
"Camposano",2597,2765,5362
"Capri",3259,3548,6807
"Carbonara Di Nola",1133,1165,2298
"Cardito",11080,11265,22345
"Casalnuovo Di Napoli",23757,24785,48542
"Casamarciano",1577,1684,3261
"Casamicciola Terme",3895,4192,8087
"Casandrino",6711,6647,13358
"Casavatore",9092,9522,18614
"Casola Di Napoli",1917,1930,3847
"Casoria",38077,40356,78433
"Castellammare Di Stabia",31542,34303,65845
"Castello Di Cisterna",3692,3796,7488
"Cercola",8775,9328,18103
"Cicciano",6189,6519,12708
"Cimitile",3448,3644,7092
"Comiziano",877,962,1839
"Crispano",6159,6179,12338
"Forio",8298,8329,16627
"Frattamaggiore",14403,15749,30152
"Frattaminore",7790,7973,15763
"Giugliano In Campania",53453,55451,108904
"Gragnano",14481,14971,29452
"Grumo Nevano",8793,9189,17982
"Ischia",9213,9433,18646
"Lacco Ameno",2275,2403,4678
"Lettere",3076,3095,6171
"Liveri",802,892,1694
"Marano Di Napoli",27724,29535,57259
"Mariglianella",3768,3824,7592
"Marigliano",14618,15649,30267
"Massa Lubrense",6880,7146,14026
"Melito Di Napoli",18243,18768,37011
"Meta",3777,4196,7973
"Monte Di Procida",6282,6691,12973
"Mugnano Di Napoli",16771,17674,34445
"Napoli",455724,505382,961106
"Nola",16314,17621,33935
"Ottaviano",11473,12073,23546
"Palma Campania",7342,7588,14930
"Piano Di Sorrento",6312,6671,12983
"Pimonte",3003,2993,5996
"Poggiomarino",10545,10729,21274
"Pollena Trocchia",6522,6972,13494
"Pomigliano D'arco",19253,20816,40069
"Pompei",12125,13340,25465
"Portici",26115,29697,55812
"Pozzuoli",38935,41363,80298
"Procida",5024,5202,10226
"Qualiano",12089,12623,24712
"Quarto",19107,20059,39166
"Ercolano",25939,27596,53535
"Roccarainola",3471,3659,7130
"San Gennaro Vesuviano",5443,5626,11069
"San Giorgio A Cremano",21617,23859,45476
"San Giuseppe Vesuviano",13472,13963,27435
"San Paolo Bel Sito",1663,1765,3428
"San Sebastiano Al Vesuvio",4402,4764,9166
"Sant'agnello",4363,4705,9068
"Sant'anastasia",13272,14004,27276
"Sant'antimo",16782,17334,34116
"Sant'antonio Abate",9627,9940,19567
"San Vitaliano",3018,3222,6240
"Saviano",7493,8014,15507
"Scisciano",2828,2939,5767
"Serrara Fontana",1590,1574,3164
"Somma Vesuviana",16934,17632,34566
"Sorrento",7865,8676,16541
"Striano",4079,4148,8227
"Terzigno",8568,8842,17410
"Torre Annunziata",20925,22545,43470
"Torre Del Greco",41567,44282,85849
"Tufino",1880,1904,3784
"Vico Equense",10174,10688,20862
"Villaricca",14711,15271,29982
"Visciano",2210,2341,4551
"Volla",11399,11609,23008
"Santa Maria La Caritã ",5789,5860,11649
"Trecase",4492,4602,9094
"Massa Di Somma",2733,2837,5570
"Aiello Del Sabato",1943,2008,3951
"Altavilla Irpina",2077,2198,4275
"Andretta",975,1074,2049
"Aquilonia",907,900,1807
"Ariano Irpino",10970,11506,22476
"Atripalda",5312,5590,10902
"Avella",3842,3976,7818
"Avellino",25447,28823,54270
"Bagnoli Irpino",1625,1640,3265
"Baiano",2312,2401,4713
"Bisaccia",1894,2019,3913
"Bonito",1239,1278,2517
"Cairano",175,173,348
"Calabritto",1209,1280,2489
"Calitri",2330,2582,4912
"Candida",595,557,1152
"Caposele",1750,1784,3534
"Capriglia Irpina",1178,1241,2419
"Carife",722,772,1494
"Casalbore",942,978,1920
"Cassano Irpino",487,478,965
"Castel Baronia",569,579,1148
"Castelfranci",1024,1077,2101
"Castelvetere Sul Calore",816,853,1669
"Cervinara",4849,5100,9949
"Cesinali",1228,1254,2482
"Chianche",266,285,551
"Chiusano Di San Domenico",1125,1212,2337
"Contrada",1528,1480,3008
"Conza Della Campania",689,739,1428
"Domicella",946,929,1875
"Flumeri",1485,1558,3043
"Fontanarosa",1577,1709,3286
"Forino",2655,2729,5384
"Frigento",1945,2006,3951
"Gesualdo",1773,1824,3597
"Greci",344,388,732
"Grottaminarda",4071,4242,8313
"Grottolella",962,993,1955
"Guardia Lombardi",863,934,1797
"Lacedonia",1167,1282,2449
"Lapio",805,840,1645
"Lauro",1743,1874,3617
"Lioni",3096,3241,6337
"Luogosano",647,591,1238
"Manocalzati",1612,1614,3226
"Marzano Di Nola",833,842,1675
"Melito Irpino",966,964,1930
"Mercogliano",6116,6276,12392
"Mirabella Eclano",3862,4024,7886
"Montaguto",219,230,449
"Montecalvo Irpino",1856,2034,3890
"Montefalcione",1666,1762,3428
"Monteforte Irpino",5549,5452,11001
"Montefredane",1126,1180,2306
"Montefusco",689,703,1392
"Montella",3809,4055,7864
"Montemarano",1456,1537,2993
"Montemiletto",2645,2710,5355
"Monteverde",402,425,827
"Montoro Inferiore",5323,5264,10587
"Montoro Superiore",4415,4488,8903
"Morra De Sanctis",632,678,1310
"Moschiano",834,829,1663
"Mugnano Del Cardinale",2661,2663,5324
"Nusco",2050,2200,4250
"Ospedaletto D'alpinolo",958,1016,1974
"Pago Del Vallo Di Lauro",886,958,1844
"Parolise",332,347,679
"Paternopoli",1200,1290,2490
"Petruro Irpino",169,172,341
"Pietradefusi",1104,1244,2348
"Pietrastornina",779,793,1572
"Prata Di Principato Ultra",1454,1517,2971
"Pratola Serra",1854,1866,3720
"Quadrelle",925,951,1876
"Quindici",887,896,1783
"Roccabascerana",1177,1186,2363
"Rocca San Felice",430,440,870
"Rotondi",1761,1816,3577
"Salza Irpina",376,386,762
"San Mango Sul Calore",592,597,1189
"San Martino Valle Caudina",2294,2445,4739
"San Michele Di Serino",1273,1320,2593
"San Nicola Baronia",385,396,781
"San Potito Ultra",772,817,1589
"San Sossio Baronia",832,864,1696
"Santa Lucia Di Serino",712,725,1437
"Sant'andrea Di Conza",793,856,1649
"Sant'angelo All'esca",412,427,839
"Sant'angelo A Scala",393,356,749
"Sant'angelo Dei Lombardi",2168,2113,4281
"Santa Paolina",675,687,1362
"Santo Stefano Del Sole",1052,1132,2184
"Savignano Irpino",574,594,1168
"Scampitella",657,684,1341
"Senerchia",534,477,1011
"Serino",3498,3615,7113
"Sirignano",1446,1447,2893
"Solofra",6175,6247,12422
"Sorbo Serpico",287,305,592
"Sperone",1764,1877,3641
"Sturno",1523,1615,3138
"Summonte",797,811,1608
"Taurano",781,817,1598
"Taurasi",1206,1237,2443
"Teora",765,782,1547
"Torella Dei Lombardi",1106,1126,2232
"Torre Le Nocelle",660,700,1360
"Torrioni",294,284,578
"Trevico",537,532,1069
"Tufo",439,476,915
"Vallata",1373,1468,2841
"Vallesaccarda",700,716,1416
"Venticano",1221,1330,2551
"Villamaina",503,529,1032
"Villanova Del Battista",858,904,1762
"Volturara Irpina",1642,1760,3402
"Zungoli",572,620,1192
"Acerno",1431,1444,2875
"Agropoli",10057,10572,20629
"Albanella",3157,3348,6505
"Alfano",539,554,1093
"Altavilla Silentina",3414,3592,7006
"Amalfi",2469,2693,5162
"Angri",15907,16678,32585
"Aquara",752,799,1551
"Ascea",2770,2798,5568
"Atena Lucana",1109,1171,2280
"Atrani",435,439,874
"Auletta",1188,1218,2406
"Baronissi",8236,8539,16775
"Battipaglia",24523,25927,50450
"Bellosguardo",414,437,851
"Bracigliano",2705,2734,5439
"Buccino",2544,2694,5238
"Buonabitacolo",1237,1341,2578
"Caggiano",1373,1425,2798
"Calvanico",780,790,1570
"Camerota",3316,3431,6747
"Campagna",7916,8061,15977
"Campora",224,238,462
"Cannalonga",550,529,1079
"Capaccio",10832,11176,22008
"Casalbuono",593,622,1215
"Casaletto Spartano",707,746,1453
"Casal Velino",2412,2521,4933
"Caselle In Pittari",979,995,1974
"Castelcivita",905,923,1828
"Castellabate",4082,4135,8217
"Castelnuovo Cilento",1259,1342,2601
"Castelnuovo Di Conza",334,307,641
"Castel San Giorgio",6579,6860,13439
"Castel San Lorenzo",1257,1376,2633
"Castiglione Del Genovesi",686,667,1353
"Cava De' Tirreni",26046,27758,53804
"Celle Di Bulgheria",963,996,1959
"Centola",2558,2503,5061
"Ceraso",1218,1280,2498
"Cetara",1125,1158,2283
"Cicerale",589,647,1236
"Colliano",1853,1910,3763
"Conca Dei Marini",369,364,733
"Controne",429,444,873
"Contursi Terme",1651,1678,3329
"Corbara",1227,1271,2498
"Corleto Monforte",321,316,637
"Cuccaro Vetere",254,323,577
"Eboli",18867,19290,38157
"Felitto",599,694,1293
"Fisciano",6792,6893,13685
"Furore",430,404,834
"Futani",566,655,1221
"Giffoni Sei Casali",2595,2666,5261
"Giffoni Valle Piana",5929,6093,12022
"Gioi",616,718,1334
"Giungano",611,647,1258
"Ispani",525,493,1018
"Laureana Cilento",566,584,1150
"Laurino",837,866,1703
"Laurito",417,422,839
"Laviano",722,769,1491
"Lustra",546,556,1102
"Magliano Vetere",354,380,734
"Maiori",2714,2853,5567
"Mercato San Severino",10794,11303,22097
"Minori",1362,1450,2812
"Moio Della Civitella",894,957,1851
"Montano Antilia",1101,1136,2237
"Montecorice",1307,1240,2547
"Montecorvino Pugliano",5031,5035,10066
"Montecorvino Rovella",6294,6281,12575
"Monteforte Cilento",291,273,564
"Monte San Giacomo",790,849,1639
"Montesano Sulla Marcellana",3296,3481,6777
"Morigerati",350,350,700
"Nocera Inferiore",22554,23962,46516
"Nocera Superiore",11930,12227,24157
"Novi Velia",1173,1128,2301
"Ogliastro Cilento",1088,1144,2232
"Olevano Sul Tusciano",3382,3508,6890
"Oliveto Citra",1880,1946,3826
"Omignano",781,792,1573
"Orria",564,593,1157
"Ottati",333,352,685
"Padula",2563,2705,5268
"Pagani",16783,17909,34692
"Palomonte",2033,2016,4049
"Pellezzano",5178,5420,10598
"Perdifumo",859,907,1766
"Perito",497,503,1000
"Pertosa",342,357,699
"Petina",595,614,1209
"Piaggine",693,747,1440
"Pisciotta",1334,1412,2746
"Polla",2542,2782,5324
"Pollica",1132,1264,2396
"Pontecagnano Faiano",12206,12832,25038
"Positano",1903,1957,3860
"Postiglione",1088,1104,2192
"Praiano",1042,1038,2080
"Prignano Cilento",497,506,1003
"Ravello",1213,1245,2458
"Ricigliano",575,623,1198
"Roccadaspide",3546,3808,7354
"Roccagloriosa",846,878,1724
"Roccapiemonte",4464,4657,9121
"Rofrano",844,804,1648
"Romagnano Al Monte",175,212,387
"Roscigno",393,434,827
"Rutino",443,446,889
"Sacco",267,286,553
"Sala Consilina",5878,6371,12249
"Salento",979,1015,1994
"Salerno",62110,70631,132741
"Salvitelle",268,310,578
"San Cipriano Picentino",3272,3375,6647
"San Giovanni A Piro",1878,1934,3812
"San Gregorio Magno",2143,2263,4406
"San Mango Piemonte",1274,1299,2573
"San Marzano Sul Sarno",5025,5183,10208
"San Mauro Cilento",496,476,972
"San Mauro La Bruca",326,320,646
"San Pietro Al Tanagro",828,897,1725
"San Rufo",847,894,1741
"Santa Marina",1533,1626,3159
"Sant'angelo A Fasanella",320,390,710
"Sant'arsenio",1320,1426,2746
"Sant'egidio Del Monte Albino",4301,4431,8732
"Santomenna",239,229,468
"San Valentino Torio",5252,5228,10480
"Sanza",1376,1330,2706
"Sapri",3222,3609,6831
"Sarno",15229,15768,30997
"Sassano",2395,2614,5009
"Scafati",24393,25605,49998
"Scala",748,767,1515
"Serramezzana",158,190,348
"Serre",1947,2005,3952
"Sessa Cilento",651,717,1368
"Siano",4945,5116,10061
"Sicignano Degli Alburni",1669,1745,3414
"Stella Cilento",376,392,768
"Stio",458,478,936
"Teggiano",3923,4250,8173
"Torchiara",869,937,1806
"Torraca",629,638,1267
"Torre Orsaia",1082,1094,2176
"Tortorella",271,292,563
"Tramonti",2008,2080,4088
"Trentinara",841,852,1693
"Valle Dell'angelo",129,148,277
"Vallo Della Lucania",4134,4534,8668
"Valva",836,861,1697
"Vibonati",1540,1680,3220
"Vietri Sul Mare",3910,4129,8039
"Bellizzi",6403,6580,12983
"Acciano",176,167,343
"Aielli",691,762,1453
"Alfedena",391,387,778
"Anversa Degli Abruzzi",168,191,359
"Ateleta",554,598,1152
"Avezzano",19570,21276,40846
"Balsorano",1777,1872,3649
"Barete",337,341,678
"Barisciano",901,950,1851
"Barrea",360,366,726
"Bisegna",118,139,257
"Bugnara",546,565,1111
"Cagnano Amiterno",672,703,1375
"Calascio",72,65,137
"Campo Di Giove",412,434,846
"Campotosto",296,287,583
"Canistro",486,536,1022
"Cansano",130,146,276
"Capestrano",415,471,886
"Capistrello",2582,2756,5338
"Capitignano",312,362,674
"Caporciano",112,121,233
"Cappadocia",304,247,551
"Carapelle Calvisio",47,38,85
"Carsoli",2636,2781,5417
"Castel Del Monte",209,229,438
"Castel Di Ieri",147,181,328
"Castel Di Sangro",2908,3076,5984
"Castellafiume",557,542,1099
"Castelvecchio Calvisio",66,93,159
"Castelvecchio Subequo",502,552,1054
"Celano",5370,5440,10810
"Cerchio",808,849,1657
"Civita D'antino",484,510,994
"Civitella Alfedena",143,157,300
"Civitella Roveto",1699,1668,3367
"Cocullo",121,142,263
"Collarmele",448,499,947
"Collelongo",641,670,1311
"Collepietro",107,119,226
"Corfinio",542,537,1079
"Fagnano Alto",216,224,440
"Fontecchio",198,213,411
"Fossa",341,353,694
"Gagliano Aterno",121,134,255
"Gioia Dei Marsi",1055,1047,2102
"Goriano Sicoli",307,290,597
"Introdacqua",1025,1107,2132
"L'aquila",32456,34449,66905
"Lecce Nei Marsi",827,904,1731
"Luco Dei Marsi",2982,2896,5878
"Lucoli",512,509,1021
"Magliano De' Marsi",1810,1927,3737
"Massa D'albe",733,767,1500
"Molina Aterno",206,214,420
"Montereale",1373,1434,2807
"Morino",730,768,1498
"Navelli",295,264,559
"Ocre",560,552,1112
"Ofena",251,276,527
"Opi",213,217,430
"Oricola",584,566,1150
"Ortona Dei Marsi",269,319,588
"Ortucchio",921,940,1861
"Ovindoli",609,578,1187
"Pacentro",590,609,1199
"Pereto",377,362,739
"Pescasseroli",1079,1139,2218
"Pescina",2066,2204,4270
"Pescocostanzo",568,580,1148
"Pettorano Sul Gizio",684,685,1369
"Pizzoli",1912,1870,3782
"Poggio Picenze",522,547,1069
"Prata D'ansidonia",247,251,498
"Pratola Peligna",3844,4005,7849
"Prezza",469,540,1009
"Raiano",1346,1470,2816
"Rivisondoli",342,318,660
"Roccacasale",362,361,723
"Rocca Di Botte",431,397,828
"Rocca Di Cambio",262,239,501
"Rocca Di Mezzo",722,740,1462
"Rocca Pia",78,92,170
"Roccaraso",820,811,1631
"San Benedetto Dei Marsi",1899,2006,3905
"San Benedetto In Perillis",60,67,127
"San Demetrio Ne' Vestini",907,925,1832
"San Pio Delle Camere",320,317,637
"Sante Marie",553,631,1184
"Sant'eusanio Forconese",197,222,419
"Santo Stefano Di Sessanio",57,52,109
"San Vincenzo Valle Roveto",1171,1253,2424
"Scanno",944,992,1936
"Scontrone",294,293,587
"Scoppito",1658,1643,3301
"Scurcola Marsicana",1360,1405,2765
"Secinaro",192,189,381
"Sulmona",11544,12664,24208
"Tagliacozzo",3399,3549,6948
"Tione Degli Abruzzi",161,163,324
"Tornimparte",1545,1545,3090
"Trasacco",3104,3050,6154
"Villalago",260,327,587
"Villa Santa Lucia Degli Abruzzi",65,74,139
"Villa Sant'angelo",206,221,427
"Villavallelonga",434,499,933
"Villetta Barrea",320,331,651
"Vittorito",409,485,894
"Alba Adriatica",5500,6070,11570
"Ancarano",914,966,1880
"Arsita",431,441,872
"Atri",5404,5707,11111
"Basciano",1230,1217,2447
"Bellante",3536,3607,7143
"Bisenti",1034,1031,2065
"Campli",3567,3689,7256
"Canzano",951,1011,1962
"Castel Castagna",256,238,494
"Castellalto",3633,3710,7343
"Castelli",573,651,1224
"Castiglione Messer Raimondo",1170,1185,2355
"Castilenti",799,752,1551
"Cellino Attanasio",1275,1304,2579
"Cermignano",869,914,1783
"Civitella Del Tronto",2588,2729,5317
"Colledara",1102,1137,2239
"Colonnella",1872,1914,3786
"Controguerra",1181,1228,2409
"Corropoli",2325,2446,4771
"Cortino",355,328,683
"Crognaleto",746,668,1414
"Fano Adriano",174,173,347
"Giulianova",11076,12112,23188
"Isola Del Gran Sasso D'italia",2418,2417,4835
"Montefino",544,549,1093
"Montorio Al Vomano",4051,4148,8199
"Morro D'oro",1769,1862,3631
"Mosciano Sant'angelo",4585,4646,9231
"Nereto",2494,2602,5096
"Notaresco",3391,3465,6856
"Penna Sant'andrea",838,886,1724
"Pietracamela",175,130,305
"Pineto",7063,7551,14614
"Rocca Santa Maria",297,269,566
"Roseto Degli Abruzzi",12184,12827,25011
"Sant'egidio Alla Vibrata",4782,4874,9656
"Sant'omero",2598,2708,5306
"Silvi",7587,7807,15394
"Teramo",26061,28149,54210
"Torano Nuovo",791,868,1659
"Torricella Sicura",1290,1377,2667
"Tortoreto",5065,5351,10416
"Tossicia",668,741,1409
"Valle Castellana",534,495,1029
"Martinsicuro",7604,7877,15481
"Abbateggio",227,211,438
"Alanno",1735,1864,3599
"Bolognano",571,586,1157
"Brittoli",167,166,333
"Bussi Sul Tirino",1267,1367,2634
"Cappelle Sul Tavo",1930,2012,3942
"Caramanico Terme",980,1027,2007
"Carpineto Della Nora",324,359,683
"Castiglione A Casauria",415,460,875
"Catignano",724,722,1446
"Cepagatti",5099,5333,10432
"Cittã  Sant'angelo",7140,7264,14404
"Civitaquana",646,673,1319
"Civitella Casanova",926,932,1858
"Collecorvino",2915,2988,5903
"Corvara",131,147,278
"Cugnoli",788,798,1586
"Elice",835,888,1723
"Farindola",767,835,1602
"Lettomanoppello",1506,1514,3020
"Loreto Aprutino",3723,3875,7598
"Manoppello",3402,3618,7020
"Montebello Di Bertona",497,524,1021
"Montesilvano",24489,26104,50593
"Moscufo",1619,1658,3277
"Nocciano",905,887,1792
"Penne",6198,6488,12686
"Pescara",54647,62199,116846
"Pescosansonesco",247,271,518
"Pianella",4120,4298,8418
"Picciano",657,683,1340
"Pietranico",237,275,512
"Popoli",2642,2793,5435
"Roccamorice",483,512,995
"Rosciano",1791,1894,3685
"Salle",154,163,317
"Sant'eufemia A Maiella",140,158,298
"San Valentino In Abruzzo Citeriore",904,1035,1939
"Scafa",1850,1984,3834
"Serramonacesca",310,275,585
"Spoltore",9103,9436,18539
"Tocco Da Casauria",1333,1386,2719
"Torre De' Passeri",1498,1666,3164
"Turrivalignani",426,455,881
"Vicoli",189,205,394
"Villa Celiera",350,396,746
"Altino",1365,1479,2844
"Archi",1102,1178,2280
"Ari",580,581,1161
"Arielli",543,599,1142
"Atessa",5297,5470,10767
"Bomba",432,456,888
"Borrello",177,194,371
"Bucchianico",2566,2660,5226
"Montebello Sul Sangro",39,59,98
"Canosa Sannita",701,739,1440
"Carpineto Sinello",331,329,660
"Carunchio",306,333,639
"Casacanditella",675,670,1345
"Casalanguida",485,519,1004
"Casalbordino",2993,3296,6289
"Casalincontrada",1544,1605,3149
"Casoli",2830,3020,5850
"Castel Frentano",2104,2212,4316
"Castelguidone",193,222,415
"Castiglione Messer Marino",895,994,1889
"Celenza Sul Trigno",468,501,969
"Chieti",24542,26883,51425
"Civitaluparella",174,175,349
"Civitella Messer Raimondo",421,440,861
"Colledimacine",118,111,229
"Colledimezzo",266,262,528
"Crecchio",1465,1469,2934
"Cupello",2399,2470,4869
"Dogliola",203,187,390
"Fara Filiorum Petri",935,1028,1963
"Fara San Martino",745,781,1526
"Filetto",500,526,1026
"Fossacesia",3098,3170,6268
"Fraine",182,211,393
"Francavilla Al Mare",11401,12384,23785
"Fresagrandinaria",509,543,1052
"Frisa",917,962,1879
"Furci",508,582,1090
"Gamberale",147,181,328
"Gessopalena",745,803,1548
"Gissi",1413,1524,2937
"Giuliano Teatino",640,619,1259
"Guardiagrele",4513,4830,9343
"Guilmi",209,220,429
"Lama Dei Peligni",647,717,1364
"Lanciano",17338,18526,35864
"Lentella",351,379,730
"Lettopalena",190,174,364
"Liscia",364,350,714
"Miglianico",2386,2436,4822
"Montazzoli",513,517,1030
"Monteferrante",69,70,139
"Montelapiano",43,38,81
"Montenerodomo",368,366,734
"Monteodorisio",1273,1290,2563
"Mozzagrogna",1124,1169,2293
"Orsogna",1920,2091,4011
"Ortona",11313,12092,23405
"Paglieta",2164,2283,4447
"Palena",687,720,1407
"Palmoli",481,499,980
"Palombaro",538,563,1101
"Pennadomo",147,160,307
"Pennapiedimonte",246,269,515
"Perano",810,852,1662
"Pizzoferrato",555,567,1122
"Poggiofiorito",457,482,939
"Pollutri",1101,1202,2303
"Pretoro",475,512,987
"Quadri",415,444,859
"Rapino",656,695,1351
"Ripa Teatina",2126,2067,4193
"Roccamontepiano",895,903,1798
"Rocca San Giovanni",1175,1172,2347
"Roccascalegna",629,654,1283
"Roccaspinalveti",685,740,1425
"Roio Del Sangro",45,57,102
"Rosello",110,146,256
"San Buono",515,502,1017
"San Giovanni Lipioni",105,107,212
"San Giovanni Teatino",6232,6515,12747
"San Martino Sulla Marrucina",471,492,963
"San Salvo",9442,9461,18903
"Santa Maria Imbaro",910,913,1823
"Sant'eusanio Del Sangro",1204,1241,2445
"San Vito Chietino",2516,2711,5227
"Scerni",1657,1736,3393
"Schiavi Di Abruzzo",385,542,927
"Taranta Peligna",196,200,396
"Tollo",2010,2065,4075
"Torino Di Sangro",1464,1567,3031
"Tornareccio",929,987,1916
"Torrebruna",436,478,914
"Torrevecchia Teatina",2019,2070,4089
"Torricella Peligna",657,733,1390
"Treglio",779,794,1573
"Tufillo",220,245,465
"Vacri",830,861,1691
"Vasto",18929,19863,38792
"Villalfonsina",463,518,981
"Villamagna",1214,1217,2431
"Villa Santa Maria",701,738,1439
"Pietraferrazzana",65,60,125
"Fallo",72,73,145
"Acquaviva Collecroce",342,328,670
"Baranello",1299,1432,2731
"Bojano",3820,4130,7950
"Bonefro",722,802,1524
"Busso",671,695,1366
"Campobasso",23198,25477,48675
"Campochiaro",299,338,637
"Campodipietra",1266,1299,2565
"Campolieto",452,483,935
"Campomarino",3557,3499,7056
"Casacalenda",1087,1129,2216
"Casalciprano",263,307,570
"Castelbottaccio",152,195,347
"Castellino Del Biferno",290,299,589
"Castelmauro",775,863,1638
"Castropignano",484,542,1026
"Cercemaggiore",1971,1948,3919
"Cercepiccola",318,368,686
"Civitacampomarano",209,240,449
"Colle D'anchise",396,407,803
"Colletorto",999,1086,2085
"Duronia",214,211,425
"Ferrazzano",1611,1665,3276
"Fossalto",712,763,1475
"Gambatesa",715,773,1488
"Gildone",420,430,850
"Guardialfiera",535,584,1119
"Guardiaregia",387,400,787
"Guglionesi",2748,2712,5460
"Jelsi",881,914,1795
"Larino",3565,3575,7140
"Limosano",436,389,825
"Lucito",339,393,732
"Lupara",260,278,538
"Macchia Valfortore",309,308,617
"Mafalda",616,608,1224
"Matrice",546,560,1106
"Mirabello Sannitico",1070,1088,2158
"Molise",90,75,165
"Monacilioni",260,295,555
"Montagano",541,602,1143
"Montecilfone",692,722,1414
"Montefalcone Nel Sannio",820,822,1642
"Montelongo",191,193,384
"Montemitro",225,225,450
"Montenero Di Bisaccia",3306,3345,6651
"Montorio Nei Frentani",229,236,465
"Morrone Del Sannio",325,320,645
"Oratino",784,780,1564
"Palata",852,914,1766
"Petacciato",1802,1837,3639
"Petrella Tifernina",564,646,1210
"Pietracatella",662,758,1420
"Pietracupa",110,119,229
"Portocannone",1248,1295,2543
"Provvidenti",67,53,120
"Riccia",2625,2752,5377
"Ripabottoni",262,280,542
"Ripalimosani",1494,1478,2972
"Roccavivara",387,437,824
"Rotello",581,636,1217
"Salcito",365,341,706
"San Biase",98,108,206
"San Felice Del Molise",335,350,685
"San Giacomo Degli Schiavoni",685,728,1413
"San Giovanni In Galdo",283,341,624
"San Giuliano Del Sannio",513,536,1049
"San Giuliano Di Puglia",496,554,1050
"San Martino In Pensilis",2324,2478,4802
"San Massimo",444,389,833
"San Polo Matese",234,224,458
"Santa Croce Di Magliano",2263,2418,4681
"Sant'angelo Limosano",168,180,348
"Sant'elia A Pianisi",934,974,1908
"Sepino",1024,960,1984
"Spinete",678,693,1371
"Tavenna",374,431,805
"Termoli",15981,16833,32814
"Torella Del Sannio",390,402,792
"Toro",704,740,1444
"Trivento",2349,2457,4806
"Tufara",471,504,975
"Ururi",1305,1477,2782
"Vinchiaturo",1596,1635,3231
"Accadia",1157,1270,2427
"Alberona",478,523,1001
"Anzano Di Puglia",769,847,1616
"Apricena",6616,6839,13455
"Ascoli Satriano",3084,3119,6203
"Biccari",1414,1461,2875
"Bovino",1696,1863,3559
"Cagnano Varano",3700,3733,7433
"Candela",1326,1362,2688
"Carapelle",3237,3289,6526
"Carlantino",498,539,1037
"Carpino",2099,2203,4302
"Casalnuovo Monterotaro",797,854,1651
"Casalvecchio Di Puglia",946,994,1940
"Castelluccio Dei Sauri",1047,1064,2111
"Castelluccio Valmaggiore",632,694,1326
"Castelnuovo Della Daunia",734,804,1538
"Celenza Valfortore",834,883,1717
"Celle Di San Vito",85,87,172
"Cerignola",27834,28804,56638
"Chieuti",871,894,1765
"Deliceto",1918,2002,3920
"Faeto",306,333,639
"Foggia",70399,76646,147045
"Ischitella",2108,2211,4319
"Isole Tremiti",258,204,462
"Lesina",3115,3181,6296
"Lucera",16663,17657,34320
"Manfredonia",27947,28292,56239
"Mattinata",3107,3243,6350
"Monteleone Di Puglia",509,556,1065
"Monte Sant'angelo",6366,6709,13075
"Motta Montecorvino",370,398,768
"Orsara Di Puglia",1419,1480,2899
"Orta Nova",8345,8584,16929
"Panni",398,453,851
"Peschici",2110,2092,4202
"Pietramontecorvino",1300,1436,2736
"Poggio Imperiale",1386,1428,2814
"Rignano Garganico",1046,1153,2199
"Rocchetta Sant'antonio",944,1006,1950
"Rodi Garganico",1778,1890,3668
"Roseto Valfortore",537,602,1139
"San Giovanni Rotondo",13279,14018,27297
"San Marco In Lamis",6899,7281,14180
"San Marco La Catola",521,562,1083
"San Nicandro Garganico",7732,8158,15890
"San Paolo Di Civitate",2890,3041,5931
"San Severo",26789,28027,54816
"Sant'agata Di Puglia",1016,1068,2084
"Serracapriola",1978,2083,4061
"Stornara",2616,2682,5298
"Stornarella",2453,2584,5037
"Torremaggiore",8535,8845,17380
"Troia",3559,3771,7330
"Vico Del Gargano",3823,4036,7859
"Vieste",6597,6678,13275
"Volturara Appula",210,269,479
"Volturino",841,934,1775
"Ordona",1350,1333,2683
"Zapponeta",1693,1641,3334
"Acquaviva Delle Fonti",10210,10806,21016
"Adelfia",8391,8703,17094
"Alberobello",5285,5619,10904
"Altamura",34208,35377,69585
"Bari",150508,164900,315408
"Binetto",1088,1070,2158
"Bitetto",5881,5917,11798
"Bitonto",27654,28623,56277
"Bitritto",5362,5521,10883
"Capurso",7571,7844,15415
"Casamassima",9439,9797,19236
"Cassano Delle Murge",6993,7327,14320
"Castellana Grotte",9334,10011,19345
"Cellamare",2733,2735,5468
"Conversano",12567,13152,25719
"Corato",23287,24758,48045
"Gioia Del Colle",13533,14324,27857
"Giovinazzo",9949,10460,20409
"Gravina In Puglia",21500,22110,43610
"Grumo Appula",6467,6485,12952
"Locorotondo",6871,7297,14168
"Modugno",18488,19095,37583
"Mola Di Bari",12555,12970,25525
"Molfetta",29324,31101,60425
"Monopoli",23589,24928,48517
"Noci",9362,9906,19268
"Noicattaro",12813,12942,25755
"Palo Del Colle",10689,10869,21558
"Poggiorsini",711,707,1418
"Polignano A Mare",8518,9058,17576
"Putignano",13181,13865,27046
"Rutigliano",9149,9284,18433
"Ruvo Di Puglia",12597,13047,25644
"Sammichele Di Bari",3255,3452,6707
"Sannicandro Di Bari",4894,4827,9721
"Santeramo In Colle",13241,13527,26768
"Terlizzi",13410,13553,26963
"Toritto",4186,4381,8567
"Triggiano",13143,13854,26997
"Turi",6238,6502,12740
"Valenzano",8728,9136,17864
"Avetrana",3385,3631,7016
"Carosino",3338,3533,6871
"Castellaneta",8293,8817,17110
"Crispiano",6693,6883,13576
"Faggiano",1730,1797,3527
"Fragagnano",2603,2755,5358
"Ginosa",11234,11356,22590
"Grottaglie",15771,16724,32495
"Laterza",7550,7748,15298
"Leporano",3889,3878,7767
"Lizzano",5012,5218,10230
"Manduria",14907,15996,30903
"Martina Franca",23544,25440,48984
"Maruggio",2657,2726,5383
"Massafra",15864,16537,32401
"Monteiasi",2694,2829,5523
"Montemesola",2000,2083,4083
"Monteparano",1184,1212,2396
"Mottola",7877,8327,16204
"Palagianello",3834,4023,7857
"Palagiano",7931,8103,16034
"Pulsano",5467,5600,11067
"Roccaforzata",891,925,1816
"San Giorgio Ionico",7639,8032,15671
"San Marzano Di San Giuseppe",4573,4685,9258
"Sava",7983,8507,16490
"Taranto",95234,104702,199936
"Torricella",2113,2116,4229
"Statte",6976,7180,14156
"Brindisi",42410,46324,88734
"Carovigno",7790,8139,15929
"Ceglie Messapica",9607,10577,20184
"Cellino San Marco",3224,3570,6794
"Cisternino",5656,6058,11714
"Erchie",4266,4530,8796
"Fasano",19195,20253,39448
"Francavilla Fontana",17799,19143,36942
"Latiano",7335,7691,15026
"Mesagne",13163,14564,27727
"Oria",7335,7906,15241
"Ostuni",15051,16729,31780
"San Donaci",3290,3572,6862
"San Michele Salentino",3093,3275,6368
"San Pancrazio Salentino",4967,5326,10293
"San Pietro Vernotico",6576,7374,13950
"San Vito Dei Normanni",9383,10204,19587
"Torchiarolo",2664,2797,5461
"Torre Santa Susanna",5156,5552,10708
"Villa Castelli",4449,4511,8960
"Acquarica Del Capo",2339,2540,4879
"Alessano",3034,3443,6477
"Alezio",2695,2920,5615
"Alliste",3156,3509,6665
"Andrano",2352,2610,4962
"Aradeo",4675,5062,9737
"Arnesano",1923,2031,3954
"Bagnolo Del Salento",902,980,1882
"Botrugno",1358,1487,2845
"Calimera",3422,3848,7270
"Campi Salentina",5079,5652,10731
"Cannole",841,908,1749
"Caprarica Di Lecce",1220,1357,2577
"Carmiano",5851,6202,12053
"Carpignano Salentino",1801,1897,3698
"Casarano",9775,10686,20461
"Castri Di Lecce",1453,1519,2972
"Castrignano De' Greci",1952,2109,4061
"Castrignano Del Capo",2534,2789,5323
"Cavallino",5806,6117,11923
"Collepasso",3033,3317,6350
"Copertino",11476,12377,23853
"Corigliano D'otranto",2739,3029,5768
"Corsano",2799,2821,5620
"Cursi",2075,2167,4242
"Cutrofiano",4373,4792,9165
"Diso",1429,1628,3057
"Gagliano Del Capo",2584,2804,5388
"Galatina",12850,14337,27187
"Galatone",7522,8234,15756
"Gallipoli",9875,10524,20399
"Giuggianello",607,643,1250
"Giurdignano",936,995,1931
"Guagnano",2840,3061,5901
"Lecce",41432,48183,89615
"Lequile",4163,4492,8655
"Leverano",6865,7197,14062
"Lizzanello",5621,5932,11553
"Maglie",6857,7916,14773
"Martano",4444,4868,9312
"Martignano",849,869,1718
"Matino",5624,6065,11689
"Melendugno",4674,4939,9613
"Melissano",3523,3795,7318
"Melpignano",1059,1143,2202
"Miggiano",1710,1962,3672
"Minervino Di Lecce",1733,1987,3720
"Monteroni Di Lecce",6649,7232,13881
"Montesano Salentino",1310,1365,2675
"Morciano Di Leuca",1587,1819,3406
"Muro Leccese",2426,2660,5086
"Nardã²",15049,16615,31664
"Neviano",2612,2891,5503
"Nociglia",1145,1304,2449
"Novoli",3835,4368,8203
"Ortelle",1122,1232,2354
"Otranto",2678,2954,5632
"Palmariggi",759,791,1550
"Parabita",4425,4872,9297
"Patã¹",799,920,1719
"Poggiardo",2883,3245,6128
"Presicce",2642,2938,5580
"Racale",5191,5541,10732
"Ruffano",4696,5156,9852
"Salice Salentino",4169,4468,8637
"Salve",2243,2478,4721
"Sanarica",723,781,1504
"San Cesario Di Lecce",3979,4325,8304
"San Donato Di Lecce",2742,3061,5803
"Sannicola",2796,3096,5892
"San Pietro In Lama",1694,1912,3606
"Santa Cesarea Terme",1389,1626,3015
"Scorrano",3379,3587,6966
"Seclã¬",912,1014,1926
"Sogliano Cavour",1972,2106,4078
"Soleto",2665,2891,5556
"Specchia",2325,2482,4807
"Spongano",1770,1978,3748
"Squinzano",6856,7584,14440
"Sternatia",1120,1302,2422
"Supersano",2218,2284,4502
"Surano",786,915,1701
"Surbo",7230,7628,14858
"Taurisano",6103,6550,12653
"Taviano",5969,6489,12458
"Tiggiano",1453,1480,2933
"Trepuzzi",6732,7539,14271
"Tricase",8464,9202,17666
"Tuglie",2481,2774,5255
"Ugento",5789,6208,11997
"Uggiano La Chiesa",2099,2377,4476
"Veglie",6823,7484,14307
"Vernole",3468,3819,7287
"Zollino",977,1079,2056
"San Cassiano",1030,1076,2106
"Castro",1163,1304,2467
"Porto Cesareo",2669,2769,5438
"Abriola",758,813,1571
"Acerenza",1241,1301,2542
"Albano Di Lucania",752,726,1478
"Anzi",848,905,1753
"Armento",329,348,677
"Atella",1908,1945,3853
"Avigliano",5680,6084,11764
"Balvano",955,901,1856
"Banzi",699,705,1404
"Baragiano",1306,1360,2666
"Barile",1373,1531,2904
"Bella",2585,2633,5218
"Brienza",2021,2056,4077
"Brindisi Montagna",477,450,927
"Calvello",925,1029,1954
"Calvera",210,219,429
"Campomaggiore",422,426,848
"Cancellara",699,691,1390
"Carbone",342,358,700
"San Paolo Albanese",135,170,305
"Castelgrande",496,515,1011
"Castelluccio Inferiore",1050,1125,2175
"Castelluccio Superiore",413,451,864
"Castelmezzano",409,435,844
"Castelsaraceno",723,759,1482
"Castronuovo Di Sant'andrea",522,608,1130
"Cersosimo",351,363,714
"Chiaromonte",944,1006,1950
"Corleto Perticara",1268,1340,2608
"Episcopia",739,729,1468
"Fardella",306,318,624
"Filiano",1511,1575,3086
"Forenza",1119,1081,2200
"Francavilla In Sinni",2113,2168,4281
"Gallicchio",455,439,894
"Genzano Di Lucania",2885,3015,5900
"Grumento Nova",812,896,1708
"Guardia Perticara",267,313,580
"Lagonegro",2740,2982,5722
"Latronico",2301,2449,4750
"Laurenzana",935,1007,1942
"Lauria",6472,6782,13254
"Lavello",6800,6804,13604
"Maratea",2501,2651,5152
"Marsico Nuovo",2039,2290,4329
"Marsicovetere",2679,2664,5343
"Maschito",830,898,1728
"Melfi",8568,8857,17425
"Missanello",253,293,546
"Moliterno",1994,2183,4177
"Montemilone",850,878,1728
"Montemurro",640,675,1315
"Muro Lucano",2715,2849,5564
"Nemoli",727,782,1509
"Noepoli",445,526,971
"Oppido Lucano",1907,1961,3868
"Palazzo San Gervasio",2476,2542,5018
"Pescopagano",972,1044,2016
"Picerno",3064,3010,6074
"Pietragalla",2071,2175,4246
"Pietrapertosa",535,568,1103
"Pignola",3315,3390,6705
"Potenza",32073,34625,66698
"Rapolla",2189,2252,4441
"Rapone",468,545,1013
"Rionero In Vulture",6587,6844,13431
"Ripacandida",831,906,1737
"Rivello",1369,1464,2833
"Roccanova",800,853,1653
"Rotonda",1747,1761,3508
"Ruoti",1758,1785,3543
"Ruvo Del Monte",533,556,1089
"San Chirico Nuovo",735,729,1464
"San Chirico Raparo",556,596,1152
"San Costantino Albanese",380,397,777
"San Fele",1521,1634,3155
"San Martino D'agri",404,417,821
"San Severino Lucano",817,841,1658
"Sant'angelo Le Fratte",725,729,1454
"Sant'arcangelo",3216,3281,6497
"Sarconi",681,682,1363
"Sasso Di Castalda",415,413,828
"Satriano Di Lucania",1175,1231,2406
"Savoia Di Lucania",573,571,1144
"Senise",3525,3569,7094
"Spinoso",752,808,1560
"Teana",300,343,643
"Terranova Di Pollino",652,670,1322
"Tito",3581,3607,7188
"Tolve",1695,1669,3364
"Tramutola",1520,1629,3149
"Trecchina",1111,1212,2323
"Trivigno",344,369,713
"Vaglio Basilicata",986,1077,2063
"Venosa",6007,6145,12152
"Vietri Di Potenza",1456,1465,2921
"Viggianello",1532,1607,3139
"Viggiano",1552,1572,3124
"Ginestra",376,360,736
"Paterno",1672,1760,3432
"Accettura",981,999,1980
"Aliano",519,559,1078
"Bernalda",6084,6218,12302
"Calciano",404,393,797
"Cirigliano",157,198,355
"Colobraro",649,696,1345
"Craco",384,386,770
"Ferrandina",4404,4544,8948
"Garaguso",560,573,1133
"Gorgoglione",528,521,1049
"Grassano",2677,2715,5392
"Grottole",1148,1213,2361
"Irsina",2503,2573,5076
"Matera",29087,30772,59859
"Miglionico",1246,1296,2542
"Montalbano Jonico",3677,3736,7413
"Montescaglioso",5051,5037,10088
"Nova Siri",3229,3371,6600
"Oliveto Lucano",236,250,486
"Pisticci",8487,8853,17340
"Policoro",7800,8216,16016
"Pomarico",2100,2143,4243
"Rotondella",1320,1371,2691
"Salandra",1441,1478,2919
"San Giorgio Lucano",633,645,1278
"San Mauro Forte",842,864,1706
"Stigliano",2196,2472,4668
"Tricarico",2759,2895,5654
"Tursi",2562,2591,5153
"Valsinni",783,847,1630
"Scanzano Jonico",3608,3570,7178
"Acquaformosa",565,589,1154
"Acquappesa",927,983,1910
"Acri",10468,10984,21452
"Aiello Calabro",919,981,1900
"Aieta",421,414,835
"Albidona",727,726,1453
"Alessandria Del Carretto",269,255,524
"Altilia",393,338,731
"Altomonte",2158,2176,4334
"Amantea",6679,7103,13782
"Amendolara",1475,1512,2987
"Aprigliano",1433,1540,2973
"Belmonte Calabro",976,1033,2009
"Belsito",472,486,958
"Belvedere Marittimo",4341,4782,9123
"Bianchi",690,674,1364
"Bisignano",5126,5198,10324
"Bocchigliero",685,789,1474
"Bonifati",1394,1512,2906
"Buonvicino",1132,1206,2338
"Calopezzati",619,672,1291
"Caloveto",655,638,1293
"Campana",953,1002,1955
"Canna",375,411,786
"Cariati",4208,4449,8657
"Carolei",1711,1726,3437
"Carpanzano",146,150,296
"Casole Bruzio",1251,1319,2570
"Cassano All'ionio",8474,8837,17311
"Castiglione Cosentino",1481,1495,2976
"Castrolibero",4895,5076,9971
"Castroregio",171,173,344
"Castrovillari",10791,11713,22504
"Celico",1451,1425,2876
"Cellara",249,268,517
"Cerchiara Di Calabria",1252,1220,2472
"Cerisano",1602,1676,3278
"Cervicati",438,447,885
"Cerzeto",653,670,1323
"Cetraro",5031,5235,10266
"Civita",463,486,949
"Cleto",680,640,1320
"Colosimi",633,678,1311
"Corigliano Calabro",18871,19644,38515
"Cosenza",32385,36991,69376
"Cropalati",558,540,1098
"Crosia",4676,4829,9505
"Diamante",2435,2627,5062
"Dipignano",2160,2279,4439
"Domanico",461,490,951
"Fagnano Castello",1887,2065,3952
"Falconara Albanese",697,704,1401
"Figline Vegliaturo",529,574,1103
"Firmo",1092,1106,2198
"Fiumefreddo Bruzio",1531,1535,3066
"Francavilla Marittima",1444,1580,3024
"Frascineto",1087,1149,2236
"Fuscaldo",3977,4089,8066
"Grimaldi",850,883,1733
"Grisolia",1120,1190,2310
"Guardia Piemontese",936,963,1899
"Lago",1302,1386,2688
"Laino Borgo",971,1058,2029
"Laino Castello",409,465,874
"Lappano",487,502,989
"Lattarico",1993,2045,4038
"Longobardi",1124,1133,2257
"Longobucco",1737,1750,3487
"Lungro",1247,1255,2502
"Luzzi",4680,4834,9514
"Maierã ",606,614,1220
"Malito",397,410,807
"Malvito",948,922,1870
"Mandatoriccio",1441,1461,2902
"Mangone",903,917,1820
"Marano Marchesato",1706,1760,3466
"Marano Principato",1550,1579,3129
"Marzi",495,505,1000
"Mendicino",4576,4695,9271
"Mongrassano",804,851,1655
"Montalto Uffugo",8962,9251,18213
"Montegiordano",957,1020,1977
"Morano Calabro",2299,2324,4623
"Mormanno",1568,1684,3252
"Mottafollone",634,640,1274
"Nocara",214,208,422
"Oriolo",1115,1245,2360
"Orsomarso",667,659,1326
"Paludi",558,580,1138
"Panettieri",165,181,346
"Paola",7920,8469,16389
"Papasidero",410,392,802
"Parenti",1130,1120,2250
"Paterno Calabro",713,658,1371
"Pedace",1006,999,2005
"Pedivigliano",416,456,872
"Piane Crati",684,726,1410
"Pietrafitta",675,699,1374
"Pietrapaola",571,604,1175
"Plataci",418,408,826
"Praia A Mare",3077,3403,6480
"Rende",16407,17229,33636
"Rocca Imperiale",1627,1666,3293
"Roggiano Gravina",3509,3694,7203
"Rogliano",2801,2883,5684
"Rose",2159,2178,4337
"Roseto Capo Spulico",918,945,1863
"Rossano",17962,18391,36353
"Rota Greca",600,585,1185
"Rovito",1526,1552,3078
"San Basile",505,557,1062
"San Benedetto Ullano",790,814,1604
"San Cosmo Albanese",296,338,634
"San Demetrio Corone",1769,1886,3655
"San Donato Di Ninea",713,774,1487
"San Fili",1360,1359,2719
"Sangineto",671,663,1334
"San Giorgio Albanese",745,808,1553
"San Giovanni In Fiore",8693,9212,17905
"San Lorenzo Bellizzi",376,362,738
"San Lorenzo Del Vallo",1756,1703,3459
"San Lucido",2932,3026,5958
"San Marco Argentano",3628,3679,7307
"San Martino Di Finita",585,620,1205
"San Nicola Arcella",885,860,1745
"San Pietro In Amantea",263,274,537
"San Pietro In Guarano",1807,1849,3656
"San Sosti",1071,1125,2196
"Santa Caterina Albanese",626,615,1241
"Santa Domenica Talao",642,634,1276
"Sant'agata Di Esaro",979,1002,1981
"Santa Maria Del Cedro",2424,2495,4919
"Santa Sofia D'epiro",1344,1389,2733
"Santo Stefano Di Rogliano",829,819,1648
"San Vincenzo La Costa",1079,1084,2163
"Saracena",1941,2011,3952
"Scala Coeli",537,594,1131
"Scalea",5042,5124,10166
"Scigliano",621,682,1303
"Serra D'aiello",249,293,542
"Serra Pedace",487,521,1008
"Spezzano Albanese",3542,3609,7151
"Spezzano Della Sila",2235,2256,4491
"Spezzano Piccolo",1022,1064,2086
"Tarsia",1062,1076,2138
"Terranova Da Sibari",2489,2518,5007
"Terravecchia",501,505,1006
"Torano Castello",2259,2324,4583
"Tortora",2931,3067,5998
"Trebisacce",4247,4514,8761
"Trenta",1324,1398,2722
"Vaccarizzo Albanese",581,599,1180
"Verbicaro",1572,1642,3214
"Villapiana",2538,2612,5150
"Zumpano",1233,1244,2477
"Albi",491,515,1006
"Amaroni",944,941,1885
"Amato",396,446,842
"Andali",378,414,792
"Argusto",257,270,527
"Badolato",1511,1667,3178
"Belcastro",700,700,1400
"Borgia",3654,3772,7426
"Botricello",2399,2525,4924
"Caraffa Di Catanzaro",985,979,1964
"Cardinale",1113,1217,2330
"Carlopoli",776,834,1610
"Catanzaro",42630,46689,89319
"Cenadi",291,305,596
"Centrache",203,211,414
"Cerva",614,642,1256
"Chiaravalle Centrale",2799,3064,5863
"Cicala",484,528,1012
"Conflenti",690,746,1436
"Cortale",1034,1169,2203
"Cropani",2128,2191,4319
"Curinga",3281,3435,6716
"Davoli",2649,2743,5392
"Decollatura",1568,1680,3248
"Falerna",1859,1947,3806
"Feroleto Antico",1005,1080,2085
"Fossato Serralta",312,302,614
"Gagliato",248,276,524
"Gasperina",1034,1116,2150
"Gimigliano",1664,1761,3425
"Girifalco",2975,3148,6123
"Gizzeria",2342,2193,4535
"Guardavalle",2307,2437,4744
"Isca Sullo Ionio",778,834,1612
"Jacurso",270,350,620
"Magisano",614,668,1282
"Maida",2172,2298,4470
"Marcedusa",208,217,425
"Marcellinara",1090,1165,2255
"Martirano",448,482,930
"Martirano Lombardo",568,593,1161
"Miglierina",367,430,797
"Montauro",739,840,1579
"Montepaone",2329,2377,4706
"Motta Santa Lucia",433,441,874
"Nocera Terinese",2294,2432,4726
"Olivadi",273,304,577
"Palermiti",610,658,1268
"Pentone",1071,1139,2210
"Petrizzi",573,596,1169
"Petronã ",1293,1389,2682
"Pianopoli",1267,1282,2549
"Platania",1101,1140,2241
"San Floro",324,376,700
"San Mango D'aquino",803,834,1637
"San Pietro A Maida",2160,2149,4309
"San Pietro Apostolo",878,900,1778
"San Sostene",616,690,1306
"Santa Caterina Dello Ionio",1059,1085,2144
"Sant'andrea Apostolo Dello Ionio",999,1070,2069
"San Vito Sullo Ionio",863,972,1835
"Satriano",1627,1709,3336
"Sellia",232,282,514
"Sellia Marina",3509,3511,7020
"Serrastretta",1570,1677,3247
"Sersale",2306,2467,4773
"Settingiano",1525,1431,2956
"Simeri Crichi",2228,2253,4481
"Sorbo San Basile",394,433,827
"Soverato",4121,4700,8821
"Soveria Mannelli",1510,1622,3132
"Soveria Simeri",801,840,1641
"Squillace",1674,1716,3390
"Stalettã¬",1207,1239,2446
"Taverna",1355,1349,2704
"Tiriolo",1872,2021,3893
"Torre Di Ruggiero",540,581,1121
"Vallefiorita",882,964,1846
"Zagarise",850,881,1731
"Lamezia Terme",34252,36077,70329
"Africo",1629,1570,3199
"Agnana Calabra",286,287,573
"Anoia",1072,1182,2254
"Antonimina",697,664,1361
"Ardore",2289,2485,4774
"Bagaladi",510,572,1082
"Bagnara Calabra",5230,5376,10606
"Benestare",1229,1221,2450
"Bianco",1962,2169,4131
"Bivongi",679,725,1404
"Bova",228,226,454
"Bovalino",4385,4410,8795
"Bova Marina",2004,2145,4149
"Brancaleone",1734,1888,3622
"Bruzzano Zeffirio",563,655,1218
"Calanna",447,526,973
"Camini",328,390,718
"Campo Calabro",2157,2262,4419
"Candidoni",186,200,386
"Canolo",391,404,795
"Caraffa Del Bianco",246,282,528
"Cardeto",865,956,1821
"Careri",1163,1249,2412
"Casignana",360,424,784
"Caulonia",3400,3652,7052
"Ciminã ",294,302,596
"Cinquefrondi",3179,3318,6497
"Cittanova",5004,5368,10372
"Condofuri",2507,2561,5068
"Cosoleto",438,476,914
"Delianuova",1665,1767,3432
"Feroleto Della Chiesa",877,893,1770
"Ferruzzano",350,393,743
"Fiumara",499,516,1015
"Galatro",833,933,1766
"Gerace",1396,1371,2767
"Giffone",962,975,1937
"Gioia Tauro",9461,9634,19095
"Gioiosa Ionica",3429,3591,7020
"Grotteria",1608,1655,3263
"Laganadi",188,224,412
"Laureana Di Borrello",2558,2735,5293
"Locri",5982,6458,12440
"Mammola",1414,1553,2967
"Marina Di Gioiosa Ionica",3207,3310,6517
"Maropati",764,815,1579
"Martone",274,277,551
"Melicuccã ",482,521,1003
"Melicucco",2515,2543,5058
"Melito Di Porto Salvo",5470,5678,11148
"Molochio",1302,1340,2642
"Monasterace",1585,1732,3317
"Montebello Ionico",3054,3190,6244
"Motta San Giovanni",2990,3128,6118
"Oppido Mamertina",2630,2759,5389
"Palizzi",1110,1184,2294
"Palmi",9074,9640,18714
"Pazzano",319,316,635
"Placanica",601,644,1245
"Platã¬",1841,1861,3702
"Polistena",5248,5476,10724
"Portigliola",581,629,1210
"Reggio Di Calabria",86551,94168,180719
"Riace",918,956,1874
"Rizziconi",3874,3959,7833
"Roccaforte Del Greco",254,291,545
"Roccella Ionica",3040,3390,6430
"Roghudi",606,564,1170
"Rosarno",7111,7302,14413
"Samo",424,443,867
"San Giorgio Morgeto",1481,1656,3137
"San Giovanni Di Gerace",245,283,528
"San Lorenzo",1314,1366,2680
"San Luca",2022,2007,4029
"San Pietro Di Caridã ",600,666,1266
"San Procopio",270,272,542
"San Roberto",903,923,1826
"Santa Cristina D'aspromonte",500,513,1013
"Sant'agata Del Bianco",320,350,670
"Sant'alessio In Aspromonte",156,168,324
"Sant'eufemia D'aspromonte",1963,2082,4045
"Sant'ilario Dello Ionio",649,687,1336
"Santo Stefano In Aspromonte",643,610,1253
"Scido",467,512,979
"Scilla",2471,2633,5104
"Seminara",1359,1460,2819
"Serrata",430,466,896
"Siderno",8256,8644,16900
"Sinopoli",1068,1075,2143
"Staiti",122,155,277
"Stignano",669,670,1339
"Stilo",1370,1313,2683
"Taurianova",7415,7892,15307
"Terranova Sappo Minulio",277,266,543
"Varapodio",1092,1130,2222
"Villa San Giovanni",6524,6889,13413
"San Ferdinando",2078,2212,4290
"Alcamo",22018,23297,45315
"Buseto Palizzolo",1404,1620,3024
"Calatafimi-Segesta",3357,3568,6925
"Campobello Di Mazara",5611,5977,11588
"Castellammare Del Golfo",7068,7538,14606
"Castelvetrano",15258,16503,31761
"Custonaci",2654,2732,5386
"Erice",13512,14458,27970
"Favignana",2118,2045,4163
"Gibellina",2005,2240,4245
"Marsala",38864,41281,80145
"Mazara Del Vallo",24591,25426,50017
"Paceco",5534,5917,11451
"Pantelleria",3704,3791,7495
"Partanna",5190,5644,10834
"Poggioreale",766,765,1531
"Salaparuta",813,917,1730
"Salemi",5201,5645,10846
"Santa Ninfa",2454,2635,5089
"San Vito Lo Capo",2165,2242,4407
"Trapani",33165,36018,69183
"Valderice",5782,6125,11907
"Vita",1020,1118,2138
"Petrosino",3870,3911,7781
"Alia",1801,1999,3800
"Alimena",995,1149,2144
"Aliminusa",644,645,1289
"Altavilla Milicia",3710,3725,7435
"Altofonte",5043,5269,10312
"Bagheria",26295,27890,54185
"Balestrate",3087,3306,6393
"Baucina",994,1013,2007
"Belmonte Mezzagno",5539,5643,11182
"Bisacquino",2304,2509,4813
"Bolognetta",1969,1988,3957
"Bompietro",671,804,1475
"Borgetto",3463,3573,7036
"Caccamo",4052,4240,8292
"Caltavuturo",2021,2141,4162
"Campofelice Di Fitalia",267,277,544
"Campofelice Di Roccella",3420,3504,6924
"Campofiorito",646,682,1328
"Camporeale",1678,1764,3442
"Capaci",5419,5611,11030
"Carini",17637,18015,35652
"Castelbuono",4434,4718,9152
"Casteldaccia",5345,5525,10870
"Castellana Sicula",1691,1853,3544
"Castronovo Di Sicilia",1527,1660,3187
"Cefalã  Diana",491,517,1008
"Cefalã¹",6970,7360,14330
"Cerda",2638,2753,5391
"Chiusa Sclafani",1370,1588,2958
"Ciminna",1846,1995,3841
"Cinisi",5928,6127,12055
"Collesano",1956,2116,4072
"Contessa Entellina",914,946,1860
"Corleone",5480,5798,11278
"Ficarazzi",5701,5817,11518
"Gangi",3383,3665,7048
"Geraci Siculo",922,1003,1925
"Giardinello",1138,1127,2265
"Giuliana",1013,1014,2027
"Godrano",567,581,1148
"Gratteri",477,534,1011
"Isnello",748,840,1588
"Isola Delle Femmine",3560,3555,7115
"Lascari",1700,1813,3513
"Lercara Friddi",3270,3662,6932
"Marineo",3322,3418,6740
"Mezzojuso",1450,1562,3012
"Misilmeri",13611,13918,27529
"Monreale",18782,19286,38068
"Montelepre",3118,3304,6422
"Montemaggiore Belsito",1709,1850,3559
"Palazzo Adriano",1050,1177,2227
"Palermo",312802,344027,656829
"Partinico",15342,16051,31393
"Petralia Soprana",1679,1752,3431
"Petralia Sottana",1371,1589,2960
"Piana Degli Albanesi",2871,3132,6003
"Polizzi Generosa",1735,1866,3601
"Pollina",1487,1518,3005
"Prizzi",2424,2612,5036
"Roccamena",754,805,1559
"Roccapalumba",1260,1366,2626
"San Cipirello",2629,2843,5472
"San Giuseppe Jato",4095,4425,8520
"San Mauro Castelverde",897,943,1840
"Santa Cristina Gela",460,462,922
"Santa Flavia",5285,5492,10777
"Sciara",1359,1409,2768
"Sclafani Bagni",224,224,448
"Termini Imerese",12623,13415,26038
"Terrasini",5950,6066,12016
"Torretta",2022,2138,4160
"Trabia",5230,5128,10358
"Trappeto",1567,1633,3200
"Ustica",640,651,1291
"Valledolmo",1785,1964,3749
"Ventimiglia Di Sicilia",1028,1054,2082
"Vicari",1411,1541,2952
"Villabate",9705,10147,19852
"Villafrati",1643,1727,3370
"Scillato",310,322,632
"Blufi",504,571,1075
"Alcara Li Fusi",981,1081,2062
"Alã¬",414,406,820
"Alã¬ Terme",1234,1339,2573
"Antillo",501,490,991
"Barcellona Pozzo Di Gotto",20237,21407,41644
"Basicã²",316,356,672
"Brolo",2815,3014,5829
"Capizzi",1613,1727,3340
"Capo D'orlando",6224,7021,13245
"Capri Leone",2191,2324,4515
"Caronia",1627,1832,3459
"Casalvecchio Siculo",461,440,901
"Castel Di Lucio",667,699,1366
"Castell'umberto",1561,1730,3291
"Castelmola",536,546,1082
"Castroreale",1218,1319,2537
"Cesarã²",1244,1339,2583
"Condrã²",229,246,475
"Falcone",1399,1468,2867
"Ficarra",756,808,1564
"Fiumedinisi",755,798,1553
"Floresta",248,268,516
"Fondachelli-Fantina",530,553,1083
"Forza D'agrã²",418,466,884
"Francavilla Di Sicilia",1855,2048,3903
"Frazzanã²",359,390,749
"Furci Siculo",1660,1759,3419
"Furnari",1820,1860,3680
"Gaggi",1551,1597,3148
"Galati Mamertino",1290,1489,2779
"Gallodoro",184,196,380
"Giardini-Naxos",4395,4877,9272
"Gioiosa Marea",3467,3653,7120
"Graniti",756,759,1515
"Gualtieri Sicaminã²",862,977,1839
"Itala",795,868,1663
"Leni",359,345,704
"Letojanni",1299,1396,2695
"Librizzi",844,925,1769
"Limina",417,483,900
"Lipari",5904,5788,11692
"Longi",760,803,1563
"Malfa",509,481,990
"Malvagna",365,427,792
"Mandanici",297,328,625
"Mazzarrã  Sant'andrea",775,797,1572
"Merã¬",1181,1211,2392
"Messina",116161,126753,242914
"Milazzo",15500,16592,32092
"Militello Rosmarino",641,694,1335
"Mirto",470,533,1003
"Mistretta",2335,2669,5004
"Moio Alcantara",363,388,751
"Monforte San Giorgio",1377,1490,2867
"Mongiuffi Melia",316,333,649
"Montagnareale",786,841,1627
"Montalbano Elicona",1136,1290,2426
"Motta Camastra",445,437,882
"Motta D'affermo",401,424,825
"Naso",1885,2121,4006
"Nizza Di Sicilia",1799,1940,3739
"Novara Di Sicilia",676,735,1411
"Oliveri",1045,1112,2157
"Pace Del Mela",3127,3259,6386
"Pagliara",579,650,1229
"Patti",6444,6931,13375
"Pettineo",682,747,1429
"Piraino",1916,2040,3956
"Raccuja",523,610,1133
"Reitano",413,421,834
"Roccafiorita",103,126,229
"Roccalumera",1934,2162,4096
"Roccavaldina",557,590,1147
"Roccella Valdemone",346,362,708
"Rodã¬ Milici",1028,1095,2123
"Rometta",3233,3305,6538
"San Filippo Del Mela",3452,3617,7069
"San Fratello",1913,2021,3934
"San Marco D'alunzio",999,1079,2078
"San Pier Niceto",1419,1487,2906
"San Piero Patti",1458,1618,3076
"San Salvatore Di Fitalia",618,754,1372
"Santa Domenica Vittoria",530,534,1064
"Sant'agata Di Militello",6061,6761,12822
"Sant'alessio Siculo",692,806,1498
"Santa Lucia Del Mela",2274,2459,4733
"Santa Marina Salina",484,419,903
"Sant'angelo Di Brolo",1555,1733,3288
"Santa Teresa Di Riva",4426,4818,9244
"San Teodoro",677,743,1420
"Santo Stefano Di Camastra",2185,2486,4671
"Saponara",1989,2096,4085
"Savoca",849,933,1782
"Scaletta Zanclea",1062,1171,2233
"Sinagra",1370,1394,2764
"Spadafora",2450,2623,5073
"Taormina",5356,5697,11053
"Torregrotta",3557,3875,7432
"Tortorici",3306,3410,6716
"Tripi",443,489,932
"Tusa",1466,1576,3042
"Ucria",509,593,1102
"Valdina",657,695,1352
"Venetico",1854,1991,3845
"Villafranca Tirrena",4217,4534,8751
"Terme Vigliatore",3567,3640,7207
"Acquedolci",2827,2917,5744
"Torrenova",2066,2179,4245
"Agrigento",28315,29973,58288
"Alessandria Della Rocca",1466,1650,3116
"Aragona",4564,4927,9491
"Bivona",1900,1986,3886
"Burgio",1321,1452,2773
"Calamonaci",673,707,1380
"Caltabellotta",1824,2071,3895
"Camastra",1050,1111,2161
"Cammarata",3119,3159,6278
"Campobello Di Licata",5079,5312,10391
"Canicattã¬",16719,18167,34886
"Casteltermini",4014,4399,8413
"Castrofilippo",1427,1588,3015
"Cattolica Eraclea",1906,2064,3970
"Cianciana",1696,1827,3523
"Comitini",451,493,944
"Favara",16001,16948,32949
"Grotte",2792,3052,5844
"Joppolo Giancaxio",576,630,1206
"Lampedusa E Linosa",3142,2958,6100
"Licata",18508,19556,38064
"Lucca Sicula",939,974,1913
"Menfi",6192,6509,12701
"Montallegro",1233,1310,2543
"Montevago",1464,1537,3001
"Naro",3805,4284,8089
"Palma Di Montechiaro",11208,12432,23640
"Porto Empedocle",8232,8582,16814
"Racalmuto",3961,4379,8340
"Raffadali",6115,6718,12833
"Ravanusa",5877,6247,12124
"Realmonte",2176,2307,4483
"Ribera",9287,9992,19279
"Sambuca Di Sicilia",3008,3097,6105
"San Biagio Platani",1655,1836,3491
"San Giovanni Gemini",3997,4113,8110
"Santa Elisabetta",1284,1324,2608
"Santa Margherita Di Belice",3106,3427,6533
"Sant'angelo Muxaro",697,763,1460
"Santo Stefano Quisquina",2372,2504,4876
"Sciacca",19903,21020,40923
"Siculiana",2267,2388,4655
"Villafranca Sicula",664,762,1426
"Acquaviva Platani",499,534,1033
"Bompensiere",305,308,613
"Butera",2406,2518,4924
"Caltanissetta",29250,32417,61667
"Campofranco",1527,1677,3204
"Delia",2021,2304,4325
"Gela",37118,38589,75707
"Marianopoli",955,1042,1997
"Mazzarino",5837,6478,12315
"Milena",1541,1626,3167
"Montedoro",749,891,1640
"Mussomeli",5303,5700,11003
"Niscemi",13798,14161,27959
"Resuttano",1029,1107,2136
"Riesi",5563,6203,11766
"San Cataldo",11307,12103,23410
"Santa Caterina Villarmosa",2701,3011,5712
"Serradifalco",2989,3268,6257
"Sommatino",3479,3802,7281
"Sutera",655,779,1434
"Vallelunga Pratameno",1708,1923,3631
"Villalba",837,888,1725
"Agira",4147,4353,8500
"Aidone",2340,2574,4914
"Assoro",2647,2729,5376
"Barrafranca",6646,7317,13963
"Calascibetta",2190,2435,4625
"Catenanuova",2424,2582,5006
"Centuripe",2725,2866,5591
"Cerami",1046,1099,2145
"Enna",13287,14627,27914
"Gagliano Castelferrato",1789,1930,3719
"Leonforte",6707,7169,13876
"Nicosia",6947,7297,14244
"Nissoria",1482,1468,2950
"Piazza Armerina",10688,11493,22181
"Pietraperzia",3378,3841,7219
"Regalbuto",3632,3753,7385
"Sperlinga",407,426,833
"Troina",4629,4991,9620
"Valguarnera Caropepe",3878,4311,8189
"Villarosa",2419,2708,5127
"Aci Bonaccorsi",1546,1675,3221
"Aci Castello",8696,9379,18075
"Aci Catena",14227,14514,28741
"Acireale",24845,26602,51447
"Aci Sant'antonio",8552,8695,17247
"Adrano",17236,18283,35519
"Belpasso",13058,13332,26390
"Biancavilla",11495,12256,23751
"Bronte",9208,10043,19251
"Calatabiano",2588,2804,5392
"Caltagirone",18470,19728,38198
"Camporotondo Etneo",2266,2219,4485
"Castel Di Iudica",2326,2413,4739
"Castiglione Di Sicilia",1575,1709,3284
"Catania",138441,154663,293104
"Fiumefreddo Di Sicilia",4639,5046,9685
"Giarre",13529,14602,28131
"Grammichele",6271,6784,13055
"Gravina Di Catania",12727,13797,26524
"Licodia Eubea",1484,1558,3042
"Linguaglossa",2627,2795,5422
"Maletto",1916,2104,4020
"Mascali",6790,6991,13781
"Mascalucia",14636,15314,29950
"Militello In Val Di Catania",3807,3972,7779
"Milo",537,533,1070
"Mineo",2515,2692,5207
"Mirabella Imbaccari",2437,2747,5184
"Misterbianco",23283,24235,47518
"Motta Sant'anastasia",5552,5831,11383
"Nicolosi",3542,3615,7157
"Palagonia",8078,8473,16551
"Paternã²",23359,24524,47883
"Pedara",6407,6489,12896
"Piedimonte Etneo",2039,2039,4078
"Raddusa",1583,1693,3276
"Ramacca",5388,5394,10782
"Randazzo",5267,5820,11087
"Riposto",6932,7231,14163
"San Cono",1346,1436,2782
"San Giovanni La Punta",10610,11444,22054
"San Gregorio Di Catania",5488,6000,11488
"San Michele Di Ganzaria",1676,1774,3450
"San Pietro Clarenza",3550,3573,7123
"Sant'agata Li Battiati",4545,5242,9787
"Sant'alfio",786,840,1626
"Santa Maria Di Licodia",3594,3727,7321
"Santa Venerina",4093,4271,8364
"Scordia",8496,8700,17196
"Trecastagni",5148,5347,10495
"Tremestieri Etneo",10052,10956,21008
"Valverde",3765,3967,7732
"Viagrande",4008,4146,8154
"Vizzini",3022,3376,6398
"Zafferana Etnea",4579,4673,9252
"Mazzarrone",1973,2028,4001
"Maniace",1849,1819,3668
"Ragalna",1872,1806,3678
"Acate",5064,4594,9658
"Chiaramonte Gulfi",4082,4160,8242
"Comiso",14111,15074,29185
"Giarratana",1519,1618,3137
"Ispica",7558,7575,15133
"Modica",26049,27897,53946
"Monterosso Almo",1552,1621,3173
"Pozzallo",9374,9593,18967
"Ragusa",33511,36352,69863
"Santa Croce Camerina",4847,4623,9470
"Scicli",12700,13203,25903
"Vittoria",30301,30719,61020
"Augusta",17965,18159,36124
"Avola",15361,15958,31319
"Buccheri",1006,1119,2125
"Buscemi",558,564,1122
"Canicattini Bagni",3442,3742,7184
"Carlentini",8730,9198,17928
"Cassaro",393,421,814
"Ferla",1248,1344,2592
"Floridia",11262,11437,22699
"Francofonte",6263,6669,12932
"Lentini",11814,12652,24466
"Melilli",6567,6529,13096
"Noto",11655,12011,23666
"Pachino",11014,11068,22082
"Palazzolo Acreide",4355,4737,9092
"Rosolini",10599,10933,21532
"Siracusa",57604,60838,118442
"Solarino",3882,3975,7857
"Sortino",4407,4487,8894
"Portopalo Di Capo Passero",1873,1885,3758
"Priolo Gargallo",6094,6074,12168
"Alghero",19385,21214,40599
"Anela",338,336,674
"Ardara",409,391,800
"Banari",301,311,612
"Benetutti",959,1010,1969
"Bessude",192,235,427
"Bonnanaro",473,549,1022
"Bono",1781,1845,3626
"Bonorva",1804,1859,3663
"Borutta",131,153,284
"Bottidda",371,366,737
"Bultei",505,539,1044
"Bulzi",277,270,547
"Burgos",464,475,939
"Cargeghe",326,323,649
"Castelsardo",2811,2924,5735
"Cheremule",221,234,455
"Chiaramonti",846,885,1731
"Codrongianos",672,678,1350
"Cossoine",463,432,895
"Esporlatu",193,215,408
"Florinas",758,788,1546
"Giave",294,292,586
"Illorai",440,516,956
"Ittireddu",303,277,580
"Ittiri",4422,4436,8858
"Laerru",478,459,937
"Mara",332,353,685
"Martis",272,280,552
"Monteleone Rocca Doria",51,65,116
"Mores",944,1004,1948
"Muros",424,414,838
"Nughedu San Nicolã²",433,437,870
"Nule",715,713,1428
"Nulvi",1418,1424,2842
"Olmedo",2008,1997,4005
"Osilo",1583,1628,3211
"Ossi",2885,2980,5865
"Ozieri",5362,5519,10881
"Padria",343,346,689
"Pattada",1636,1594,3230
"Perfugas",1194,1225,2419
"Ploaghe",2307,2342,4649
"Porto Torres",11053,11341,22394
"Pozzomaggiore",1338,1375,2713
"Putifigari",373,381,754
"Romana",271,305,576
"Sassari",58880,64744,123624
"Sedini",659,716,1375
"Semestene",76,94,170
"Sennori",3709,3683,7392
"Siligo",424,484,908
"Sorso",7143,7154,14297
"Thiesi",1466,1537,3003
"Tissi",1155,1145,2300
"Torralba",485,511,996
"Tula",813,787,1600
"Uri",1538,1477,3015
"Usini",2201,2125,4326
"Villanova Monteleone",1153,1214,2367
"Valledoria",2078,2008,4086
"Viddalba",858,830,1688
"Tergu",306,310,616
"Santa Maria Coghinas",713,720,1433
"Erula",395,368,763
"Stintino",782,716,1498
"Aritzo",678,662,1340
"Atzara",622,591,1213
"Austis",423,448,871
"Belvã¬",328,337,665
"Birori",284,277,561
"Bitti",1435,1581,3016
"Bolotana",1346,1493,2839
"Borore",1056,1126,2182
"Bortigali",673,745,1418
"Desulo",1211,1256,2467
"Dorgali",4255,4264,8519
"Dualchi",328,340,668
"Fonni",1935,2114,4049
"Gadoni",447,451,898
"Galtellã¬",1229,1247,2476
"Gavoi",1368,1414,2782
"Irgoli",1205,1147,2352
"Lei",283,279,562
"Loculi",273,249,522
"Lodã¨",979,913,1892
"Lula",764,736,1500
"Macomer",5100,5375,10475
"Mamoiada",1249,1318,2567
"Meana Sardo",943,965,1908
"Noragugume",164,176,340
"Nuoro",17418,19217,36635
"Oliena",3604,3755,7359
"Ollolai",671,703,1374
"Olzai",450,451,901
"Onanã¬",207,219,426
"Onifai",369,373,742
"Oniferi",458,463,921
"Orani",1500,1496,2996
"Orgosolo",2225,2128,4353
"Orosei",3399,3407,6806
"Orotelli",1063,1095,2158
"Ortueri",644,613,1257
"Orune",1252,1303,2555
"Osidda",115,116,231
"Ottana",1178,1198,2376
"Ovodda",836,787,1623
"Posada",1381,1348,2729
"Sarule",842,917,1759
"Silanus",1086,1111,2197
"Sindia",867,936,1803
"Siniscola",5773,5714,11487
"Sorgono",879,879,1758
"Teti",362,328,690
"Tiana",263,259,522
"Tonara",1030,1081,2111
"Torpã¨",1473,1424,2897
"Lodine",172,183,355
"Armungia",248,239,487
"Assemini",13115,13583,26698
"Ballao",454,420,874
"Barrali",587,557,1144
"Burcei",1470,1424,2894
"Cagliari",68555,80788,149343
"Capoterra",11615,11584,23199
"Decimomannu",3938,3898,7836
"Decimoputzu",2173,2150,4323
"Dolianova",4793,4628,9421
"Domus De Maria",855,817,1672
"Donori",1061,1057,2118
"Gesico",455,432,887
"Goni",262,242,504
"Guamaggiore",511,537,1048
"Guasila",1378,1393,2771
"Mandas",1112,1123,2235
"Maracalagonis",3855,3694,7549
"Monastir",2203,2303,4506
"Muravera",2569,2586,5155
"Nuraminis",1298,1306,2604
"Ortacesus",479,455,934
"Pimentel",611,582,1193
"Pula",3598,3546,7144
"Quartu Sant'elena",33653,35529,69182
"Samatzai",861,863,1724
"San Basilio",655,624,1279
"San Nicolã² Gerrei",419,419,838
"San Sperate",3996,3982,7978
"Sant'andrea Frius",951,878,1829
"San Vito",1889,1922,3811
"Sarroch",2626,2579,5205
"Selargius",13849,14794,28643
"Selegas",695,736,1431
"Senorbã¬",2364,2428,4792
"Serdiana",1333,1291,2624
"Sestu",9995,9904,19899
"Settimo San Pietro",3269,3269,6538
"Siliqua",1984,2017,4001
"Silius",689,584,1273
"Sinnai",8318,8390,16708
"Siurgus Donigala",1008,1076,2084
"Soleminis",929,921,1850
"Suelli",570,567,1137
"Teulada",1929,1836,3765
"Ussana",2147,2146,4293
"Uta",3980,3909,7889
"Vallermosa",994,946,1940
"Villaputzu",2427,2404,4831
"Villasalto",547,577,1124
"Villa San Pietro",1020,1000,2020
"Villasimius",1724,1687,3411
"Villasor",3402,3457,6859
"Villaspeciosa",1202,1219,2421
"Quartucciu",6301,6537,12838
"Castiadas",772,739,1511
"Elmas",4422,4520,8942
"Monserrato",9738,10642,20380
"Escalaplano",1189,1074,2263
"Escolca",318,312,630
"Esterzili",339,377,716
"Gergei",664,636,1300
"Isili",1384,1447,2831
"Nuragus",457,478,935
"Nurallao",683,672,1355
"Nurri",1149,1088,2237
"Orroli",1213,1181,2394
"Sadali",467,451,918
"Serri",335,340,675
"Seulo",467,428,895
"Villanova Tulo",605,550,1155
"Andreis",134,147,281
"Arba",646,659,1305
"Arzene",877,910,1787
"Aviano",4389,4608,8997
"Azzano Decimo",7646,7906,15552
"Barcis",140,123,263
"Brugnera",4652,4617,9269
"Budoia",1260,1304,2564
"Caneva",3160,3332,6492
"Casarsa Della Delizia",4219,4249,8468
"Castelnovo Del Friuli",462,448,910
"Cavasso Nuovo",753,843,1596
"Chions",2568,2630,5198
"Cimolais",207,212,419
"Claut",494,508,1002
"Clauzetto",193,193,386
"Cordenons",8882,9320,18202
"Cordovado",1355,1385,2740
"Erto E Casso",190,193,383
"Fanna",756,799,1555
"Fiume Veneto",5679,5826,11505
"Fontanafredda",5730,5809,11539
"Frisanco",319,325,644
"Maniago",5824,6031,11855
"Meduno",823,837,1660
"Montereale Valcellina",2170,2338,4508
"Morsano Al Tagliamento",1379,1480,2859
"Pasiano Di Pordenone",3947,3910,7857
"Pinzano Al Tagliamento",753,816,1569
"Polcenigo",1516,1661,3177
"Porcia",7457,7782,15239
"Pordenone",23790,26575,50365
"Prata Di Pordenone",4252,4208,8460
"Pravisdomini",1744,1737,3481
"Roveredo In Piano",2811,2974,5785
"Sacile",9727,10141,19868
"San Giorgio Della Richinvelda",2322,2217,4539
"San Martino Al Tagliamento",743,753,1496
"San Quirino",2088,2186,4274
"San Vito Al Tagliamento",7242,7764,15006
"Sequals",1083,1136,2219
"Sesto Al Reghena",3166,3160,6326
"Spilimbergo",5827,6095,11922
"Tramonti Di Sopra",171,184,355
"Tramonti Di Sotto",206,203,409
"Travesio",858,942,1800
"Valvasone",1061,1119,2180
"Vito D'asio",405,407,812
"Vivaro",705,694,1399
"Zoppola",4232,4188,8420
"Vajont",882,832,1714
"Acquaviva D'isernia",235,219,454
"Agnone",2546,2677,5223
"Bagnoli Del Trigno",372,399,771
"Belmonte Del Sannio",372,434,806
"Cantalupo Nel Sannio",378,350,728
"Capracotta",479,466,945
"Carovilli",706,719,1425
"Carpinone",580,643,1223
"Castel Del Giudice",177,179,356
"Castelpetroso",820,838,1658
"Castelpizzuto",82,79,161
"Castel San Vincenzo",267,279,546
"Castelverrino",67,57,124
"Cerro Al Volturno",643,694,1337
"Chiauci",133,133,266
"Civitanova Del Sannio",450,502,952
"Colli A Volturno",665,710,1375
"Conca Casale",107,103,210
"Filignano",340,343,683
"Forlã¬ Del Sannio",344,384,728
"Fornelli",953,972,1925
"Frosolone",1600,1637,3237
"Isernia",10657,11318,21975
"Longano",338,358,696
"Macchia D'isernia",484,488,972
"Macchiagodena",896,947,1843
"Miranda",521,539,1060
"Montaquila",1247,1205,2452
"Montenero Val Cocchiara",282,274,556
"Monteroduni",1047,1181,2228
"Pesche",807,783,1590
"Pescolanciano",430,446,876
"Pescopennataro",147,153,300
"Pettoranello Del Molise",235,220,455
"Pietrabbondante",408,412,820
"Pizzone",172,161,333
"Poggio Sannita",359,404,763
"Pozzilli",1113,1146,2259
"Rionero Sannitico",571,554,1125
"Roccamandolfi",480,504,984
"Roccasicura",265,291,556
"Rocchetta A Volturno",522,538,1060
"San Pietro Avellana",254,281,535
"Sant'agapito",662,732,1394
"Santa Maria Del Molise",319,313,632
"Sant'angelo Del Pesco",180,186,366
"Sant'elena Sannita",121,140,261
"Scapoli",373,384,757
"Sessano Del Molise",345,392,737
"Sesto Campano",1131,1181,2312
"Vastogirardi",354,373,727
"Venafro",5446,5786,11232
"Abbasanta",1413,1417,2830
"Aidomaggiore",218,251,469
"Albagiara",132,142,274
"Ales",774,737,1511
"Allai",191,177,368
"Arborea",2013,2026,4039
"Ardauli",445,497,942
"Assolo",219,213,432
"Asuni",178,180,358
"Baradili",47,43,90
"Baratili San Pietro",664,665,1329
"Baressa",368,350,718
"Bauladu",350,356,706
"Bidonã¬",76,71,147
"Bonarcado",823,803,1626
"Boroneddu",79,82,161
"Busachi",646,726,1372
"Cabras",4503,4533,9036
"Cuglieri",1380,1427,2807
"Fordongianus",470,466,936
"Ghilarza",2210,2402,4612
"Gonnoscodina",267,239,506
"Gonnosnã²",388,406,794
"Gonnostramatza",455,486,941
"Marrubiu",2497,2412,4909
"Masullas",596,530,1126
"Milis",769,816,1585
"Mogorella",235,229,464
"Mogoro",2176,2181,4357
"Morgongiori",394,379,773
"Narbolia",906,896,1802
"Neoneli",353,359,712
"Norbello",613,568,1181
"Nughedu Santa Vittoria",236,270,506
"Nurachi",870,921,1791
"Nureci",174,178,352
"Ollastra",610,642,1252
"Oristano",14686,16412,31098
"Palmas Arborea",740,738,1478
"Pau",148,151,299
"Paulilatino",1172,1170,2342
"Pompu",136,141,277
"Riola Sardo",1085,1054,2139
"Ruinas",366,360,726
"Samugheo",1570,1606,3176
"San Nicolã² D'arcidano",1407,1399,2806
"Santa Giusta",2384,2426,4810
"Villa Sant'antonio",185,194,379
"Santu Lussurgiu",1211,1225,2436
"San Vero Milis",1275,1247,2522
"Scano Di Montiferro",748,825,1573
"Sedilo",1081,1132,2213
"Seneghe",928,918,1846
"Senis",226,252,478
"Sennariolo",81,102,183
"Siamaggiore",500,471,971
"Siamanna",416,407,823
"Simala",180,176,356
"Simaxis",1153,1157,2310
"Sini",255,257,512
"Siris",117,107,224
"Solarussa",1241,1228,2469
"Sorradile",194,221,415
"Tadasuni",90,93,183
"Terralba",5200,5230,10430
"Tramatza",501,493,994
"Tresnuraghes",567,645,1212
"Ulã  Tirso",282,295,577
"Uras",1455,1500,2955
"Usellus",436,417,853
"Villanova Truschedu",154,168,322
"Villaurbana",856,877,1733
"Villa Verde",163,169,332
"Zeddiani",591,573,1164
"Zerfaliu",564,607,1171
"Siapiccia",200,171,371
"Curcuris",148,166,314
"Soddã¬",53,63,116
"Bosa",3889,4127,8016
"Flussio",214,240,454
"Genoni",424,456,880
"Laconi",968,1035,2003
"Magomadas",304,335,639
"Modolo",72,92,164
"Montresta",260,271,531
"Sagama",92,102,194
"Suni",520,609,1129
"Tinnura",127,139,266
"Ailoche",157,170,327
"Andorno Micca",1622,1761,3383
"Benna",588,590,1178
"Biella",20215,23532,43747
"Bioglio",494,492,986
"Borriana",415,467,882
"Brusnengo",999,1163,2162
"Callabiana",78,69,147
"Camandona",173,189,362
"Camburzano",584,636,1220
"Campiglia Cervo",86,83,169
"Candelo",3813,4110,7923
"Caprile",108,99,207
"Casapinta",207,246,453
"Castelletto Cervo",442,433,875
"Cavagliã ",1759,1866,3625
"Cerreto Castello",302,326,628
"Cerrione",1405,1504,2909
"Coggiola",953,1045,1998
"Cossato",6977,7817,14794
"Crevacuore",776,827,1603
"Crosa",162,187,349
"Curino",222,227,449
"Donato",353,358,711
"Dorzano",257,250,507
"Gaglianico",1806,2088,3894
"Gifflenga",60,66,126
"Graglia",771,822,1593
"Lessona",1216,1271,2487
"Magnano",197,181,378
"Massazza",273,276,549
"Masserano",1059,1129,2188
"Mezzana Mortigliengo",264,299,563
"Miagliano",297,335,632
"Mongrando",1926,2046,3972
"Mottalciata",697,746,1443
"Muzzano",295,328,623
"Netro",504,504,1008
"Occhieppo Inferiore",1850,2121,3971
"Occhieppo Superiore",1340,1482,2822
"Pettinengo",735,777,1512
"Piatto",275,272,547
"Piedicavallo",107,97,204
"Pollone",1031,1113,2144
"Ponderano",1908,2002,3910
"Portula",662,709,1371
"Pralungo",1289,1322,2611
"Pray",1068,1230,2298
"Quaregna",675,709,1384
"Quittengo",105,108,213
"Ronco Biellese",773,748,1521
"Roppolo",435,484,919
"Rosazza",45,43,88
"Sagliano Micca",786,878,1664
"Sala Biellese",305,322,627
"Salussola",1024,986,2010
"Sandigliano",1356,1407,2763
"San Paolo Cervo",66,75,141
"Selve Marcone",44,53,97
"Soprana",362,396,758
"Sordevolo",634,699,1333
"Sostegno",351,405,756
"Strona",571,583,1154
"Tavigliano",492,465,957
"Ternengo",142,155,297
"Tollegno",1293,1356,2649
"Torrazzo",107,117,224
"Trivero",2935,3191,6126
"Valdengo",1237,1274,2511
"Vallanzengo",117,122,239
"Valle Mosso",1672,1849,3521
"Valle San Nicolao",547,533,1080
"Veglio",278,285,563
"Verrone",630,620,1250
"Vigliano Biellese",3865,4321,8186
"Villa Del Bosco",158,200,358
"Villanova Biellese",94,95,189
"Viverone",677,746,1423
"Zimone",204,221,425
"Zubiena",626,619,1245
"Zumaglia",544,582,1126
"Mosso",770,861,1631
"Abbadia Lariana",1582,1648,3230
"Airuno",1466,1528,2994
"Annone Di Brianza",1126,1162,2288
"Ballabio",2058,1957,4015
"Barzago",1297,1272,2569
"Barzanã²",2557,2624,5181
"Barzio",603,689,1292
"Bellano",1577,1683,3260
"Bosisio Parini",1745,1764,3509
"Brivio",2362,2338,4700
"Bulciago",1487,1436,2923
"Calco",2536,2572,5108
"Calolziocorte",6830,7155,13985
"Carenno",728,766,1494
"Casargo",419,429,848
"Casatenovo",6113,6551,12664
"Cassago Brianza",2233,2170,4403
"Cassina Valsassina",243,229,472
"Castello Di Brianza",1256,1211,2467
"Cernusco Lombardone",1858,1991,3849
"Cesana Brianza",1166,1194,2360
"Civate",2011,2013,4024
"Colico",3686,3800,7486
"Colle Brianza",878,854,1732
"Cortenova",612,655,1267
"Costa Masnaga",2354,2382,4736
"Crandola Valsassina",138,136,274
"Cremella",872,898,1770
"Cremeno",721,713,1434
"Dervio",1289,1388,2677
"Dolzago",1139,1164,2303
"Dorio",157,178,335
"Ello",581,657,1238
"Erve",375,387,762
"Esino Lario",370,379,749
"Galbiate",4236,4362,8598
"Garbagnate Monastero",1213,1220,2433
"Garlate",1302,1315,2617
"Imbersago",1184,1228,2412
"Introbio",986,1015,2001
"Introzzo",50,76,126
"Lecco",22111,24562,46673
"Lierna",1125,1090,2215
"Lomagna",2430,2463,4893
"Malgrate",2022,2169,4191
"Mandello Del Lario",5140,5432,10572
"Margno",183,193,376
"Merate",7002,7563,14565
"Missaglia",4237,4334,8571
"Moggio",247,253,500
"Molteno",1789,1794,3583
"Monte Marenzo",990,984,1974
"Montevecchia",1216,1252,2468
"Monticello Brianza",2050,2162,4212
"Morterone",18,18,36
"Nibionno",1783,1855,3638
"Oggiono",4328,4437,8765
"Olgiate Molgora",3069,3123,6192
"Olginate",3515,3585,7100
"Oliveto Lario",598,598,1196
"Osnago",2361,2455,4816
"Paderno D'adda",1926,1942,3868
"Pagnona",199,204,403
"Parlasco",74,65,139
"Pasturo",971,977,1948
"Perego",873,894,1767
"Perledo",477,535,1012
"Pescate",1075,1113,2188
"Premana",1168,1117,2285
"Primaluna",1096,1086,2182
"Robbiate",3032,3081,6113
"Rogeno",1624,1581,3205
"Rovagnate",1446,1456,2902
"Santa Maria Hoã¨",1138,1055,2193
"Sirone",1175,1229,2404
"Sirtori",1450,1463,2913
"Sueglio",68,78,146
"Suello",841,849,1690
"Taceno",291,251,542
"Torre De' Busi",1019,999,2018
"Tremenico",79,104,183
"Valgreghentino",1697,1714,3411
"Valmadrera",5675,5958,11633
"Varenna",387,385,772
"Vendrogno",153,166,319
"Vercurago",1343,1466,2809
"Verderio Inferiore",1475,1471,2946
"Verderio Superiore",1326,1361,2687
"Vestreno",162,146,308
"Viganã²",991,1029,2020
"Abbadia Cerreto",145,142,287
"Bertonico",623,551,1174
"Boffalora D'adda",864,847,1711
"Borghetto Lodigiano",2151,2217,4368
"Borgo San Giovanni",1139,1087,2226
"Brembio",1302,1343,2645
"Camairago",336,319,655
"Casaletto Lodigiano",1382,1425,2807
"Casalmaiocco",1529,1536,3065
"Casalpusterlengo",7284,7535,14819
"Caselle Landi",807,842,1649
"Caselle Lurani",1602,1495,3097
"Castelnuovo Bocca D'adda",843,855,1698
"Castiglione D'adda",2400,2404,4804
"Castiraga Vidardo",1292,1343,2635
"Cavacurta",408,440,848
"Cavenago D'adda",1114,1148,2262
"Cervignano D'adda",1059,1065,2124
"Codogno",7317,8022,15339
"Comazzo",1103,1060,2163
"Cornegliano Laudense",1406,1426,2832
"Corno Giovine",582,612,1194
"Cornovecchio",117,106,223
"Corte Palasio",799,749,1548
"Crespiatica",1086,1045,2131
"Fombio",1189,1111,2300
"Galgagnano",614,599,1213
"Graffignana",1254,1347,2601
"Guardamiglio",1342,1353,2695
"Livraga",1302,1305,2607
"Lodi",20466,22765,43231
"Lodi Vecchio",3586,3766,7352
"Maccastorna",36,25,61
"Mairago",707,687,1394
"Maleo",1531,1720,3251
"Marudo",798,775,1573
"Massalengo",2119,2104,4223
"Meleti",233,237,470
"Merlino",905,879,1784
"Montanaso Lombardo",1108,1116,2224
"Mulazzano",2841,2892,5733
"Orio Litta",983,1041,2024
"Ospedaletto Lodigiano",932,904,1836
"Ossago Lodigiano",695,716,1411
"Pieve Fissiraga",798,804,1602
"Salerano Sul Lambro",1298,1367,2665
"San Fiorano",906,896,1802
"San Martino In Strada",1824,1805,3629
"San Rocco Al Porto",1700,1775,3475
"Sant'angelo Lodigiano",6138,6468,12606
"Santo Stefano Lodigiano",947,963,1910
"Secugnago",979,1013,1992
"Senna Lodigiana",1003,992,1995
"Somaglia",1830,1856,3686
"Sordio",1585,1572,3157
"Tavazzano Con Villavesco",2985,3123,6108
"Terranova Dei Passerini",481,425,906
"Turano Lodigiano",773,759,1532
"Valera Fratta",836,838,1674
"Villanova Del Sillaro",904,847,1751
"Zelo Buon Persico",3406,3476,6882
"Bellaria-Igea Marina",9011,9635,18646
"Cattolica",7809,8745,16554
"Coriano",4953,5085,10038
"Gemmano",568,574,1142
"Misano Adriatico",6023,6242,12265
"Mondaino",699,738,1437
"Monte Colombo",1668,1688,3356
"Montefiore Conca",1095,1116,2211
"Montegridolfo",508,517,1025
"Montescudo",1641,1614,3255
"Morciano Di Romagna",3343,3536,6879
"Poggio Berni",1667,1731,3398
"Riccione",16379,18179,34558
"Rimini",66364,73363,139727
"Saludecio",1522,1508,3030
"San Clemente",2638,2657,5295
"San Giovanni In Marignano",4402,4545,8947
"Santarcangelo Di Romagna",10114,10706,20820
"Torriana",824,786,1610
"Verucchio",5028,4951,9979
"Casteldelci",221,220,441
"Maiolo",428,412,840
"Novafeltria",3570,3699,7269
"Pennabilli",1476,1531,3007
"San Leo",1473,1493,2966
"Sant'agata Feltria",1144,1131,2275
"Talamello",500,558,1058
"Cantagallo",1545,1556,3101
"Carmignano",6897,7087,13984
"Montemurlo",8825,9066,17891
"Poggio A Caiano",4657,4943,9600
"Prato",89147,95738,184885
"Vaiano",4766,5059,9825
"Vernio",2916,3097,6013
"Belvedere Di Spinello",1138,1190,2328
"Caccuri",823,868,1691
"Carfizzi",350,394,744
"Casabona",1350,1492,2842
"Castelsilano",511,524,1035
"Cerenzia",596,614,1210
"Cirã²",1471,1640,3111
"Cirã² Marina",7399,7700,15099
"Cotronei",2602,2846,5448
"Crotone",28522,30297,58819
"Crucoli",1550,1694,3244
"Cutro",4965,5117,10082
"Isola Di Capo Rizzuto",8003,7861,15864
"Melissa",1722,1796,3518
"Mesoraca",3229,3466,6695
"Pallagorio",652,667,1319
"Petilia Policastro",4622,4634,9256
"Roccabernarda",1711,1745,3456
"Rocca Di Neto",2760,2839,5599
"San Mauro Marchesato",1057,1118,2175
"San Nicola Dell'alto",420,476,896
"Santa Severina",1103,1161,2264
"Savelli",636,684,1320
"Scandale",1643,1672,3315
"Strongoli",3195,3295,6490
"Umbriatico",472,451,923
"Verzino",956,1019,1975
"Acquaro",1191,1255,2446
"Arena",739,783,1522
"Briatico",2007,1963,3970
"Brognaturo",315,352,667
"Capistrano",523,574,1097
"Cessaniti",1731,1666,3397
"Dasã ",610,646,1256
"Dinami",1179,1246,2425
"Drapia",1006,1089,2095
"Fabrizia",1156,1206,2362
"Filadelfia",2761,2871,5632
"Filandari",914,930,1844
"Filogaso",744,700,1444
"Francavilla Angitola",959,1019,1978
"Francica",823,839,1662
"Gerocarne",1203,1169,2372
"Ionadi",1881,1928,3809
"Joppolo",1040,1053,2093
"Limbadi",1710,1791,3501
"Maierato",1050,1141,2191
"Mileto",3418,3465,6883
"Mongiana",395,402,797
"Monterosso Calabro",876,923,1799
"Nardodipace",713,664,1377
"Nicotera",3276,3198,6474
"Parghelia",635,677,1312
"Pizzo",4378,4505,8883
"Pizzoni",591,637,1228
"Polia",516,539,1055
"Ricadi",2326,2417,4743
"Rombiolo",2332,2314,4646
"San Calogero",2213,2247,4460
"San Costantino Calabro",1097,1136,2233
"San Gregorio D'ippona",1197,1218,2415
"San Nicola Da Crissa",693,721,1414
"Sant'onofrio",1532,1613,3145
"Serra San Bruno",3435,3397,6832
"Simbario",461,498,959
"Sorianello",610,602,1212
"Soriano Calabro",1190,1280,2470
"Spadola",429,431,860
"Spilinga",718,751,1469
"Stefanaconi",1223,1303,2526
"Tropea",3159,3382,6541
"Vallelonga",342,340,682
"Vazzano",528,566,1094
"Vibo Valentia",16299,17067,33366
"Zaccanopoli",390,411,801
"Zambrone",900,901,1801
"Zungri",993,983,1976
"Antrona Schieranco",225,240,465
"Anzola D'ossola",226,224,450
"Arizzano",955,1077,2032
"Arola",128,125,253
"Aurano",52,51,103
"Baceno",449,471,920
"Bannio Anzino",264,254,518
"Baveno",2402,2521,4923
"Bee",354,378,732
"Belgirate",251,294,545
"Beura-Cardezza",721,723,1444
"Bognanco",119,109,228
"Brovello-Carpugnino",365,358,723
"Calasca-Castiglione",352,327,679
"Cambiasca",801,848,1649
"Cannero Riviera",468,505,973
"Cannobio",2416,2573,4989
"Caprezzo",91,77,168
"Casale Corte Cerro",1708,1767,3475
"Cavaglio-Spoccia",128,127,255
"Ceppo Morelli",171,167,338
"Cesara",302,305,607
"Cossogno",295,291,586
"Craveggia",357,376,733
"Crevoladossola",2306,2393,4699
"Crodo",727,749,1476
"Cursolo-Orasso",51,55,106
"Domodossola",8569,9556,18125
"Druogno",462,514,976
"Falmenta",81,77,158
"Formazza",231,211,442
"Germagno",98,89,187
"Ghiffa",1169,1196,2365
"Gignese",490,465,955
"Gravellona Toce",3716,4024,7740
"Gurro",119,126,245
"Intragna",50,57,107
"Loreglia",128,132,260
"Macugnaga",305,295,600
"Madonna Del Sasso",210,180,390
"Malesco",718,754,1472
"Masera",752,781,1533
"Massiola",65,72,137
"Mergozzo",1052,1137,2189
"Miazzina",212,198,410
"Montecrestese",627,623,1250
"Montescheno",205,211,416
"Nonio",426,456,882
"Oggebbio",424,448,872
"Omegna",7576,8162,15738
"Ornavasso",1650,1763,3413
"Pallanzeno",585,594,1179
"Piedimulera",773,779,1552
"Pieve Vergonte",1281,1356,2637
"Premeno",361,379,740
"Premia",288,289,577
"Premosello-Chiovenda",994,1037,2031
"Quarna Sopra",125,158,283
"Quarna Sotto",206,219,425
"Re",367,396,763
"San Bernardino Verbano",688,687,1375
"Santa Maria Maggiore",628,634,1262
"Seppiana",73,88,161
"Stresa",2274,2517,4791
"Toceno",385,387,772
"Trarego Viggiona",198,192,390
"Trasquera",110,103,213
"Trontano",834,856,1690
"Valstrona",635,633,1268
"Vanzone Con San Carlo",208,223,431
"Varzo",1030,1067,2097
"Verbania",14177,16146,30323
"Viganella",90,84,174
"Vignone",621,613,1234
"Villadossola",3231,3541,6772
"Villette",127,135,262
"Vogogna",855,891,1746
"Aggius",777,829,1606
"Aglientu",584,582,1166
"Alã  Dei Sardi",984,969,1953
"Arzachena",5733,5733,11466
"Badesi",916,979,1895
"Berchidda",1440,1458,2898
"Bortigiadas",386,410,796
"Buddusã²",2003,1972,3975
"Budoni",2383,2453,4836
"Calangianus",2123,2134,4257
"Golfo Aranci",1109,1182,2291
"La Maddalena",5393,5538,10931
"Loiri Porto San Paolo",1626,1607,3233
"Luogosanto",946,953,1899
"Luras",1297,1352,2649
"Monti",1244,1243,2487
"Olbia",26094,27209,53303
"Oschiri",1724,1712,3436
"Padru",1091,1045,2136
"Palau",1872,1882,3754
"Sant'antonio Di Gallura",825,798,1623
"Santa Teresa Gallura",2494,2524,5018
"San Teodoro",2313,2243,4556
"Telti",1130,1107,2237
"Tempio Pausania",6831,7105,13936
"Trinitã  D'agultu E Vignola",1041,1114,2155
"Arzana",1252,1241,2493
"Bari Sardo",1924,2016,3940
"Baunei",1814,1910,3724
"Cardedu",880,933,1813
"Elini",271,281,552
"Gairo",748,763,1511
"Girasole",599,615,1214
"Ilbono",1077,1126,2203
"Jerzu",1579,1645,3224
"Lanusei",2683,2803,5486
"Loceri",612,662,1274
"Lotzorai",1068,1089,2157
"Osini",416,399,815
"Perdasdefogu",1028,1014,2042
"Seui",687,668,1355
"Talana",522,546,1068
"Tertenia",1902,1911,3813
"Tortolã¬",5298,5461,10759
"Triei",594,532,1126
"Ulassai",744,769,1513
"Urzulei",632,659,1291
"Ussassai",296,307,603
"Villagrande Strisaili",1678,1695,3373
"Arbus",3245,3331,6576
"Barumini",652,660,1312
"Collinas",441,440,881
"Furtei",846,826,1672
"Genuri",167,178,345
"Gesturi",648,639,1287
"Gonnosfanadiga",3247,3445,6692
"Guspini",6051,6217,12268
"Las Plassas",132,125,257
"Lunamatrona",873,903,1776
"Pabillonis",1491,1465,2956
"Pauli Arbarei",332,319,651
"Samassi",2605,2722,5327
"San Gavino Monreale",4335,4563,8898
"Sanluri",4117,4324,8441
"Sardara",2031,2122,4153
"Segariu",620,651,1271
"Serramanna",4595,4632,9227
"Serrenti",2514,2512,5026
"Setzu",74,70,144
"Siddi",350,344,694
"Tuili",533,528,1061
"Turri",218,224,442
"Ussaramanna",284,269,553
"Villacidro",7078,7198,14276
"Villamar",1449,1420,2869
"Villanovaforru",360,326,686
"Villanovafranca",727,710,1437
"Buggerru",531,575,1106
"Calasetta",1376,1459,2835
"Carbonia",13788,15049,28837
"Carloforte",3111,3160,6271
"Domusnovas",3142,3251,6393
"Fluminimaggiore",1461,1497,2958
"Giba",1040,1077,2117
"Gonnesa",2572,2578,5150
"Iglesias",13349,14315,27664
"Masainas",664,678,1342
"Musei",790,737,1527
"Narcao",1673,1695,3368
"Nuxis",806,823,1629
"Perdaxius",749,722,1471
"Piscinas",423,459,882
"Portoscuso",2574,2658,5232
"San Giovanni Suergiu",3019,3000,6019
"Santadi",1751,1810,3561
"Sant'anna Arresi",1356,1348,2704
"Sant'antioco",5712,5757,11469
"Tratalias",545,565,1110
"Villamassargia",1834,1828,3662
"Villaperuccio",543,552,1095
"Agrate Brianza",7269,7558,14827
"Aicurzio",1004,1058,2062
"Albiate",3026,3177,6203
"Arcore",8348,8975,17323
"Barlassina",3338,3491,6829
"Bellusco",3537,3700,7237
"Bernareggio",5335,5209,10544
"Besana In Brianza",7573,7933,15506
"Biassono",5665,6029,11694
"Bovisio-Masciago",8119,8512,16631
"Briosco",2981,2980,5961
"Brugherio",16126,17106,33232
"Burago Di Molgora",2040,2200,4240
"Camparada",994,1097,2091
"Carate Brianza",8524,9116,17640
"Carnate",3574,3605,7179
"Cavenago Di Brianza",3417,3487,6904
"Ceriano Laghetto",3083,3237,6320
"Cesano Maderno",18215,18722,36937
"Cogliate",4214,4233,8447
"Concorezzo",7395,7832,15227
"Correzzana",1341,1312,2653
"Desio",19753,20589,40342
"Giussano",12045,12416,24461
"Lazzate",3718,3871,7589
"Lesmo",3949,4167,8116
"Limbiate",16732,17144,33876
"Lissone",20600,21599,42199
"Macherio",3490,3648,7138
"Meda",11284,11784,23068
"Mezzago",1995,2118,4113
"Misinto",2610,2600,5210
"Monza",57055,62873,119928
"Muggiã²",11390,11880,23270
"Nova Milanese",10912,11349,22261
"Ornago",2307,2403,4710
"Renate",2068,2111,4179
"Ronco Briantino",1696,1692,3388
"Seregno",20702,22311,43013
"Seveso",11168,11573,22741
"Sovico",3883,4204,8087
"Sulbiate",2015,2057,4072
"Triuggio",4283,4305,8588
"Usmate Velate",4966,5048,10014
"Varedo",6234,6550,12784
"Vedano Al Lambro",3579,3840,7419
"Veduggio Con Colzano",2248,2197,4445
"Verano Brianza",4591,4683,9274
"Villasanta",6565,7011,13576
"Vimercate",12119,13215,25334
"Busnago",3191,3228,6419
"Caponago",2607,2611,5218
"Cornate D'adda",5138,5275,10413
"Lentate Sul Seveso",7706,7779,15485
"Roncello",1980,1961,3941
"Altidona",1574,1661,3235
"Amandola",1796,1898,3694
"Belmonte Piceno",320,340,660
"Campofilone",976,972,1948
"Falerone",1632,1753,3385
"Fermo",17747,19144,36891
"Francavilla D'ete",503,503,1006
"Grottazzolina",1565,1729,3294
"Lapedona",589,583,1172
"Magliano Di Tenna",704,727,1431
"Massa Fermana",484,519,1003
"Monsampietro Morico",356,340,696
"Montappone",852,894,1746
"Montefalcone Appennino",228,221,449
"Montefortino",610,607,1217
"Monte Giberto",384,432,816
"Montegiorgio",3409,3567,6976
"Montegranaro",6521,6637,13158
"Monteleone Di Fermo",223,212,435
"Montelparo",419,434,853
"Monte Rinaldo",207,190,397
"Monterubbiano",1142,1214,2356
"Monte San Pietrangeli",1228,1314,2542
"Monte Urano",4100,4186,8286
"Monte Vidon Combatte",216,243,459
"Monte Vidon Corrado",380,397,777
"Montottone",482,528,1010
"Moresco",291,315,606
"Ortezzano",372,416,788
"Pedaso",1355,1428,2783
"Petritoli",1173,1258,2431
"Ponzano Di Fermo",857,853,1710
"Porto San Giorgio",7387,8542,15929
"Porto Sant'elpidio",12357,13085,25442
"Rapagnano",995,1058,2053
"Santa Vittoria In Matenano",681,730,1411
"Sant'elpidio A Mare",8313,8647,16960
"Servigliano",1143,1210,2353
"Smerillo",182,204,386
"Torre San Patrizio",1024,1045,2069
"Andria",49343,50790,100133
"Barletta",46955,47367,94322
"Bisceglie",27015,27611,54626
"Canosa Di Puglia",14920,15489,30409
"Margherita Di Savoia",5960,6211,12171
"Minervino Murge",4548,4772,9320
"San Ferdinando Di Puglia",6876,7021,13897
"Spinazzola",3216,3521,6737
"Trani",27614,28212,55826
"Trinitapoli",6931,7398,14329
